102900005115168
899.8369999999927
102900005115199
268.45599999999956
102900005115250
2795.21899999999
102900005115625
121.01999999999997
102900005115748
718.6759999999996
102900005115762
5047.603000000055
102900005115779
15222.615000000085
102900005115786
7143.874000000127
102900005115793
1689.1880000000056
102900005115816
18.427999999999997
102900005115823
7503.850000000143
102900005115854
415.32499999999965
102900005115861
3820.452999999948
102900005115878
4050.0499999999633
102900005115885
920.1900000000011
102900005115908
4344.798000000011
102900005115946
1502.3889999999956
102900005115960
18850.306000000353
102900005115977
85.04799999999992
102900005115984
10000.801000000249
102900005116219
438.32499999999936
102900005116226
1180.781000000009
102900005116233
3447.289999999985
102900005116257
13092.465000000111
102900005116509
3471.164000000002
102900005116530
10918.961000000176
102900005116547
4669.231999999981
102900005116639
86.16200000000002
102900005116714
26427.11499999909
102900005116790
2684.667000000003
102900005116806
101.12500000000004
102900005116837
2506.2940000000003
102900005116899
24415.95800000054
102900005116905
1.817
102900005116912
371.96800000000115
102900005116943
655.2050000000024
102900005117056
9487.28100000015
102900005117209
259.63899999999995
102900005117353
22.0
102900005118572
591.8469999999979
102900005118817
5197.725000000086
102900005118824
1130.1510000000042
102900005118831
8338.0
102900005119098
517.9309999999983
102900005119104
99.0
102900005119944
496.8920000000009
102900005119968
128.49999999999997
102900005119975
4961.1560000000945
102900005122654
4901.284000000006
102900005123880
208.56899999999993
102900005125808
1441.9539999999974
102900005125815
2367.83000000003
102900005128748
1.476
102900011000175
89.68300000000006
102900011000328
7698.9410000001735
102900011000335
7.658
102900011000571
674.4210000000005
102900011000632
13.251000000000001
102900011000861
27.713000000000026
102900011001219
274.50399999999996
102900011001561
2088.0
102900011001691
120.95300000000002
102900011001806
1060.0
102900011001813
2097.0
102900011002414
45.251999999999995
102900011006689
1538.2550000000028
102900011006948
731.2670000000004
102900011006955
16.337000000000003
102900011007044
241.0
102900011007464
29.329000000000004
102900011007471
6.522
102900011007495
3.787
102900011007969
100.46900000000015
102900011008133
14.226999999999999
102900011008164
5774.38500000012
102900011008485
46.70200000000002
102900011008492
1.246
102900011008515
8.418
102900011008522
4416.544000000009
102900011008577
3.0
102900011008676
11.706000000000001
102900011009246
212.1709999999997
102900011009277
1602.31
102900011009444
1139.4210000000005
102900011009772
0.415
102900011009970
8024.936000000104
102900011010563
1.2149999999999999
102900011010891
413.7789999999999
102900011011058
0.446
102900011011546
1261.0
102900011011669
14.708000000000002
102900011012482
66.0
102900011012871
5.655000000000001
102900011012994
1340.0
102900011013274
2794.0
102900011015384
3.3899999999999997
102900011015391
0.9430000000000001
102900011016701
27674.17200000055
102900011016909
101.37900000000002
102900011018095
978.0
102900011018132
50.81500000000001
102900011021644
8.0
102900011021675
2.388
102900011021699
6.602
102900011021842
5515.0
102900011022030
637.0
102900011022764
2495.9260000000268
102900011022849
1375.1219999999953
102900011022924
30.27499999999999
102900011023075
1.0
102900011023464
3264.00800000007
102900011023976
61.264000000000046
102900011024010
21.0
102900011026502
6.32
102900011026618
10.512
102900011026793
10.0
102900011027462
16.828999999999997
102900011027479
163.63999999999962
102900011027615
8.472
102900011028407
33.90699999999999
102900011029176
119.64499999999987
102900011029275
1.754
102900011029299
6.659000000000002
102900011029305
26.400999999999996
102900011029688
2.8859999999999997
102900011030042
257.0
102900011030059
12268.0
102900011030097
6803.0
102900011030103
497.0
102900011030110
4934.0
102900011030134
1473.0
102900011030141
2176.0
102900011030158
279.0
102900011030561
5.0
102900011030608
19.0
102900011030615
5.0
102900011030622
4.0
102900011030639
3.0
102900011030905
416.0
102900011030912
881.0
102900011030929
440.0
102900011031100
9882.0
102900011031216
21.0
102900011031582
681.0
102900011031599
72.0
102900011031735
17.0
102900011031742
5.0
102900011031759
13.0
102900011031841
8.0
102900011031858
1.0
102900011031926
949.0
102900011031995
393.0
102900011032022
4252.0
102900011032114
10.0
102900011032176
35.0
102900011032206
353.0
102900011032213
530.0
102900011032220
186.0
102900011032237
2077.0
102900011032244
737.0
102900011032251
7087.0
102900011032282
35.0
102900011032343
313.6319999999995
102900011032350
73.17399999999995
102900011032367
182.5059999999998
102900011032480
1.509
102900011032589
25.749999999999996
102900011032619
380.8599999999992
102900011032626
20.253
102900011032633
33.658
102900011032640
7.470000000000001
102900011032732
308.13299999999975
102900011032787
878.0
102900011032848
1619.0
102900011033081
24.996000000000002
102900011033173
9.300000000000002
102900011033234
572.0
102900011033241
50.0
102900011033531
0.682
102900011033562
0.419
102900011033586
1.153
102900011033906
6435.091
102900011033913
0.615
102900011033920
1750.591000000002
102900011033937
344.4359999999998
102900011033944
910.6759999999886
102900011033968
8.411999999999999
102900011033975
184.12600000000032
102900011033982
287.7529999999999
102900011033999
4.981000000000001
102900011034026
5062.411999999964
102900011034200
302.0
102900011034217
250.0
102900011034224
3432.0
102900011034231
5912.0
102900011034262
87.0
102900011034316
9.381
102900011034323
6.009
102900011034330
3385.0
102900011034354
200.0
102900011034439
1138.0
102900011034538
3.0
102900011034569
24.0
102900011034705
3.0
102900011035078
679.9350000000045
102900011035481
89.0
102900011035511
318.4759999999996
102900011035740
255.0
102900011035764
168.19999999999993
102900011035771
146.82200000000014
102900011035788
369.0
102900011035849
16.538000000000004
102900011035962
11.398
102900011036068
8.0
102900011036242
40.0
102900011036266
3.0
102900011036686
16.0
102900051000463
1046.897
102900051000890
0.671
102900051000944
721.3840000000016
102900051004294
2212.9430000000234
102900051006229
18.613999999999997
102900051009220
40.726
102900051009336
38.303
102900051010455
7801.426000000356
102900051010790
26.88099999999999
106930274220092
399.0
106930274620090
637.0
106931885000035
7.0
106931885000356
2.0
106949711300068
2547.0
106949711300167
2931.0
106949711300259
14413.0
106956146480197
245.0
106956146480203
95.0
106957634300010
167.0
106957634300058
78.0
106958851400125
2137.0
106971533450003
1010.0
106971533455008
1581.0
106971563780002
8.0
106972776821582
124.0
106973223300667
1.0
