102900005115168
899.8369999999927
102900005115199
333.2229999999997
102900005115250
2810.7159999999944
102900005115625
121.01999999999997
102900005115748
718.6759999999996
102900005115762
5100.061000000053
102900005115779
15910.461000000088
102900005115786
7240.764000000127
102900005115793
1707.303000000006
102900005115816
18.427999999999997
102900005115823
7606.756000000146
102900005115854
415.32499999999965
102900005115861
3836.5659999999516
102900005115878
4110.161999999956
102900005115885
939.5750000000013
102900005115908
4496.717000000027
102900005115946
1566.6399999999946
102900005115960
19187.218000000372
102900005115977
85.04799999999992
102900005115984
10305.364000000254
102900005116219
438.59299999999934
102900005116226
1186.5310000000086
102900005116233
3457.874999999985
102900005116257
13602.001000000122
102900005116509
3516.7630000000013
102900005116530
11920.227000000106
102900005116547
4697.469999999986
102900005116639
94.31500000000001
102900005116714
27537.22799999915
102900005116790
2911.2989999999977
102900005116806
101.12500000000004
102900005116837
2542.9590000000007
102900005116899
27149.440000000348
102900005116905
1.817
102900005116912
375.222000000001
102900005116943
658.5600000000023
102900005117056
9703.125000000146
102900005117209
263.1919999999999
102900005117353
22.0
102900005118572
596.696999999998
102900005118817
5216.461000000088
102900005118824
1179.6520000000044
102900005118831
8982.0
102900005119098
627.7179999999995
102900005119104
102.0
102900005119944
502.1650000000009
102900005119968
128.49999999999997
102900005119975
5159.433000000112
102900005122654
4962.454000000001
102900005123880
212.04299999999992
102900005125808
1447.3529999999973
102900005125815
2404.977000000032
102900005128748
1.7839999999999998
102900011000175
91.27200000000006
102900011000328
7792.1810000001815
102900011000335
7.658
102900011000571
675.2210000000005
102900011000632
13.251000000000001
102900011000861
27.713000000000026
102900011001219
278.61199999999997
102900011001561
2095.0
102900011001691
126.42200000000001
102900011001806
1071.0
102900011001813
2149.0
102900011002414
45.251999999999995
102900011006689
1543.4780000000026
102900011006948
732.6150000000006
102900011006955
16.337000000000003
102900011007044
287.0
102900011007464
30.172000000000004
102900011007471
7.5680000000000005
102900011007495
4.232
102900011007969
100.46900000000015
102900011008133
14.226999999999999
102900011008164
5816.308000000123
102900011008485
51.73500000000001
102900011008492
7.48
102900011008515
12.936000000000002
102900011008522
4685.261000000009
102900011008577
3.0
102900011008676
15.886999999999997
102900011009246
212.1709999999997
102900011009277
1671.424
102900011009444
1167.2180000000026
102900011009772
0.415
102900011009970
8393.786000000095
102900011010563
1.2149999999999999
102900011010891
448.8599999999998
102900011011058
1.084
102900011011546
1266.0
102900011011669
14.708000000000002
102900011012482
90.0
102900011012871
5.795000000000002
102900011012994
1343.0
102900011013274
2927.0
102900011015384
3.3899999999999997
102900011015391
0.9430000000000001
102900011016701
28164.331000000446
102900011016909
101.37900000000002
102900011018095
978.0
102900011018132
50.81500000000001
102900011021644
25.0
102900011021675
2.388
102900011021699
6.602
102900011021842
6052.0
102900011022030
641.0
102900011022764
2496.413000000027
102900011022849
1375.1219999999953
102900011022924
30.27499999999999
102900011023075
1.0
102900011023464
3267.9930000000704
102900011023976
62.22100000000004
102900011024010
21.0
102900011026502
6.32
102900011026618
10.512
102900011026793
10.0
102900011027462
16.828999999999997
102900011027479
163.63999999999962
102900011027615
8.472
102900011028407
33.90699999999999
102900011029176
119.64499999999987
102900011029275
1.754
102900011029299
6.843000000000002
102900011029305
28.570999999999998
102900011029688
2.8859999999999997
102900011030042
313.0
102900011030059
14325.0
102900011030097
8848.0
102900011030103
587.0
102900011030110
6342.0
102900011030134
2053.0
102900011030141
3070.0
102900011030158
296.0
102900011030400
3.0
102900011030417
3.0
102900011030561
5.0
102900011030608
34.0
102900011030615
7.0
102900011030622
4.0
102900011030639
4.0
102900011030905
470.0
102900011030912
1301.0
102900011030929
741.0
102900011031100
10833.0
102900011031216
29.0
102900011031582
932.0
102900011031599
102.0
102900011031735
18.0
102900011031742
6.0
102900011031759
13.0
102900011031841
10.0
102900011031858
1.0
102900011031926
1109.0
102900011031995
682.0
102900011032022
5175.0
102900011032114
10.0
102900011032176
40.0
102900011032206
457.0
102900011032213
707.0
102900011032220
283.0
102900011032237
2307.0
102900011032244
953.0
102900011032251
8235.0
102900011032282
41.0
102900011032343
370.0329999999997
102900011032350
76.59599999999995
102900011032367
214.80999999999952
102900011032480
2.224
102900011032589
28.600999999999992
102900011032619
413.84099999999916
102900011032626
28.53499999999999
102900011032633
51.89499999999998
102900011032640
16.953
102900011032732
449.6840000000009
102900011032787
1076.0
102900011032848
1868.0
102900011033081
24.996000000000002
102900011033173
9.300000000000002
102900011033234
727.0
102900011033241
65.0
102900011033531
0.682
102900011033562
0.419
102900011033586
1.153
102900011033906
6484.736
102900011033913
0.615
102900011033920
1882.7680000000025
102900011033937
473.31499999999966
102900011033944
1304.5519999999922
102900011033968
9.239999999999998
102900011033975
190.5220000000004
102900011033982
297.15799999999996
102900011033999
4.981000000000001
102900011034026
5821.570999999954
102900011034200
426.0
102900011034217
341.0
102900011034224
4057.0
102900011034231
6931.0
102900011034262
93.0
102900011034316
9.381
102900011034323
6.009
102900011034330
4229.0
102900011034354
200.0
102900011034439
1257.0
102900011034538
3.0
102900011034569
40.0
102900011034705
8.0
102900011035078
769.2080000000059
102900011035481
127.0
102900011035511
348.7999999999996
102900011035740
371.0
102900011035764
186.83100000000007
102900011035771
155.49600000000007
102900011035788
379.0
102900011035849
16.538000000000004
102900011035962
11.398
102900011036068
13.0
102900011036242
45.0
102900011036266
3.0
102900011036686
27.0
102900051000463
1047.6889999999999
102900051000890
0.671
102900051000944
745.5540000000018
102900051004294
2219.781000000025
102900051006229
18.613999999999997
102900051009220
40.726
102900051009336
39.97700000000001
102900051010455
7987.990000000353
102900051010790
27.021999999999988
106930274220092
399.0
106930274620090
708.0
106931885000035
7.0
106931885000356
2.0
106949711300068
2549.0
106949711300167
3175.0
106949711300259
15596.0
106956146480197
251.0
106956146480203
95.0
106957634300010
168.0
106957634300058
81.0
106958851400125
2149.0
106971533450003
1303.0
106971533455008
1775.0
106971563780002
8.0
106972776821582
128.0
106973223300667
1.0
