102900005115168
202010
13.678
102900005115168
202011
13.126
102900005115168
202012
5.972
102900005115168
202103
108.14299999999999
102900005115168
202105
272.69099999999906
102900005115168
202106
62.34600000000001
102900005115168
202112
289.3120000000004
102900005115168
202201
56.62400000000005
102900005115168
202302
5.0009999999999994
102900005115168
202303
1.6079999999999999
102900005115168
202305
71.33600000000001
102900005115199
202011
5.949999999999999
102900005115199
202102
3.692
102900005115199
202103
59.42299999999998
102900005115199
202104
67.968
102900005115199
202105
5.977999999999999
102900005115199
202203
26.644000000000005
102900005115199
202204
27.997
102900005115199
202303
30.48399999999999
102900005115199
202304
40.31999999999999
102900005115250
202009
1.666
102900005115250
202011
163.68099999999987
102900005115250
202012
0.5650000000000001
102900005115250
202101
202.04199999999994
102900005115250
202102
724.9489999999978
102900005115250
202103
26.390000000000008
102900005115250
202203
197.59099999999992
102900005115250
202204
212.98899999999983
102900005115250
202205
251.51099999999983
102900005115250
202206
156.2089999999998
102900005115250
202207
0.273
102900005115250
202209
95.68699999999998
102900005115250
202210
0.576
102900005115250
202211
0.377
102900005115250
202212
1.4
102900005115250
202301
0.081
102900005115250
202302
0.186
102900005115250
202303
237.00600000000003
102900005115250
202304
223.4560000000006
102900005115250
202305
144.78100000000015
102900005115250
202306
153.803
102900005115625
202209
3.381
102900005115625
202210
70.36999999999998
102900005115625
202211
44.00400000000001
102900005115625
202212
3.2649999999999997
102900005115748
202011
22.949999999999996
102900005115748
202012
9.754999999999997
102900005115748
202102
91.00600000000009
102900005115748
202103
333.2009999999996
102900005115748
202112
1.948
102900005115748
202201
19.904
102900005115748
202202
69.32400000000004
102900005115748
202203
143.23700000000005
102900005115748
202302
0.33499999999999996
102900005115748
202303
27.016
102900005115762
202007
134.62999999999988
102900005115762
202008
224.261
102900005115762
202009
138.37000000000006
102900005115762
202101
16.485
102900005115762
202102
32.730999999999995
102900005115762
202103
148.40000000000015
102900005115762
202104
390.4559999999993
102900005115762
202105
397.4509999999986
102900005115762
202106
301.80599999999964
102900005115762
202107
207.17800000000014
102900005115762
202108
234.2839999999999
102900005115762
202109
145.48200000000003
102900005115762
202110
101.27999999999997
102900005115762
202111
5.4990000000000006
102900005115762
202203
190.13500000000002
102900005115762
202204
461.9620000000003
102900005115762
202205
334.1359999999992
102900005115762
202206
341.2079999999997
102900005115762
202207
283.20300000000003
102900005115762
202208
49.25000000000001
102900005115762
202209
17.089000000000002
102900005115762
202301
1.053
102900005115762
202302
39.25999999999999
102900005115762
202303
134.39800000000005
102900005115762
202304
210.85300000000004
102900005115762
202305
270.73499999999984
102900005115762
202306
236.00800000000007
102900005115779
202007
899.021
102900005115779
202008
905.1960000000048
102900005115779
202009
856.9579999999996
102900005115779
202010
689.7279999999996
102900005115779
202011
375.5709999999989
102900005115779
202012
388.7559999999999
102900005115779
202101
382.1200000000005
102900005115779
202102
515.2719999999998
102900005115779
202103
666.5819999999972
102900005115779
202104
570.9039999999975
102900005115779
202105
596.0379999999973
102900005115779
202106
719.425000000002
102900005115779
202107
1092.326000000008
102900005115779
202108
1127.0019999999995
102900005115779
202109
685.2620000000005
102900005115779
202110
810.2459999999991
102900005115779
202111
179.80600000000004
102900005115779
202112
185.32699999999957
102900005115779
202201
371.6809999999991
102900005115779
202202
319.70599999999934
102900005115779
202203
344.4429999999999
102900005115779
202204
321.2789999999998
102900005115779
202205
402.55100000000124
102900005115779
202206
583.329000000003
102900005115779
202207
738.446000000001
102900005115779
202208
108.93499999999995
102900005115779
202209
42.578
102900005115779
202210
61.549000000000014
102900005115779
202211
113.99600000000004
102900005115779
202212
16.446999999999996
102900005115779
202301
54.188
102900005115779
202302
9.908000000000001
102900005115779
202304
20.123999999999995
102900005115779
202305
22.193999999999992
102900005115779
202306
45.72100000000001
102900005115786
202007
439.4870000000001
102900005115786
202008
375.7349999999995
102900005115786
202009
253.8189999999992
102900005115786
202010
23.400000000000002
102900005115786
202101
31.988000000000003
102900005115786
202102
33.303999999999995
102900005115786
202103
59.178999999999995
102900005115786
202104
275.3149999999999
102900005115786
202105
542.8289999999986
102900005115786
202106
608.578
102900005115786
202107
442.6070000000009
102900005115786
202108
371.08999999999924
102900005115786
202109
190.05200000000008
102900005115786
202110
124.85600000000005
102900005115786
202112
2.871
102900005115786
202201
8.577
102900005115786
202202
9.755999999999998
102900005115786
202203
37.39600000000001
102900005115786
202204
162.96599999999995
102900005115786
202205
532.487999999999
102900005115786
202206
708.283
102900005115786
202207
475.51600000000036
102900005115786
202208
7.077
102900005115786
202209
153.93100000000007
102900005115786
202210
79.25000000000004
102900005115786
202211
6.33
102900005115786
202301
2.2720000000000002
102900005115786
202302
64.29500000000003
102900005115786
202303
37.606
102900005115786
202304
245.17099999999988
102900005115786
202305
404.4360000000008
102900005115786
202306
433.4139999999993
102900005115793
202007
174.80199999999985
102900005115793
202008
198.07599999999982
102900005115793
202009
147.26199999999983
102900005115793
202010
76.41399999999996
102900005115793
202011
25.473000000000006
102900005115793
202012
10.151000000000003
102900005115793
202103
28.177000000000007
102900005115793
202104
6.465000000000001
102900005115793
202105
116.65599999999999
102900005115793
202106
140.70499999999998
102900005115793
202107
126.22100000000005
102900005115793
202108
146.91699999999992
102900005115793
202109
106.62499999999994
102900005115793
202110
63.08800000000001
102900005115793
202111
24.341999999999985
102900005115793
202112
8.504999999999999
102900005115793
202203
9.642000000000001
102900005115793
202204
21.573999999999995
102900005115793
202205
54.78700000000001
102900005115793
202206
54.315
102900005115793
202207
101.77899999999997
102900005115793
202208
4.606
102900005115793
202209
12.403
102900005115793
202210
13.795
102900005115793
202301
2.707
102900005115793
202302
13.701
102900005115816
202007
4.875
102900005115816
202107
13.553000000000003
102900005115823
202007
428.95500000000044
102900005115823
202008
651.5770000000009
102900005115823
202009
515.5279999999991
102900005115823
202010
256.7399999999996
102900005115823
202011
152.06500000000003
102900005115823
202012
152.823
102900005115823
202101
255.91899999999993
102900005115823
202102
398.0419999999998
102900005115823
202103
393.5090000000001
102900005115823
202104
403.3989999999998
102900005115823
202105
236.7959999999999
102900005115823
202106
214.84500000000045
102900005115823
202107
305.51800000000014
102900005115823
202108
528.294999999998
102900005115823
202109
208.57399999999973
102900005115823
202110
194.98399999999992
102900005115823
202111
71.32800000000009
102900005115823
202112
89.35199999999998
102900005115823
202201
150.66099999999994
102900005115823
202202
234.7059999999998
102900005115823
202203
179.667
102900005115823
202204
103.56400000000005
102900005115823
202205
155.71700000000004
102900005115823
202206
139.35500000000025
102900005115823
202207
159.45
102900005115823
202208
1.7650000000000001
102900005115823
202210
13.354
102900005115823
202211
40.87199999999999
102900005115823
202212
0.218
102900005115823
202301
64.77099999999999
102900005115823
202302
88.80600000000004
102900005115823
202303
156.84400000000002
102900005115823
202304
174.44299999999998
102900005115823
202305
215.38500000000005
102900005115823
202306
166.02300000000005
102900005115854
202010
71.835
102900005115854
202011
18.092
102900005115854
202101
7.553000000000002
102900005115854
202102
21.552
102900005115854
202103
21.869999999999997
102900005115854
202104
60.207
102900005115854
202105
71.619
102900005115854
202109
8.873000000000001
102900005115854
202110
3.641
102900005115854
202201
9.739
102900005115854
202202
27.169999999999995
102900005115854
202203
37.098
102900005115854
202204
36.22
102900005115854
202205
7.970999999999999
102900005115854
202209
0.985
102900005115854
202210
1.158
102900005115854
202211
9.742
102900005115861
202007
0.538
102900005115861
202009
55.68500000000001
102900005115861
202010
626.4409999999986
102900005115861
202011
798.4410000000053
102900005115861
202012
579.5559999999975
102900005115861
202101
266.88299999999987
102900005115861
202102
143.7260000000003
102900005115861
202103
1.24
102900005115861
202107
0.426
102900005115861
202110
177.4539999999999
102900005115861
202111
277.58300000000014
102900005115861
202112
273.78400000000016
102900005115861
202201
373.2169999999996
102900005115861
202202
245.09999999999994
102900005115861
202203
0.379
102900005115878
202009
80.91099999999999
102900005115878
202010
311.89199999999926
102900005115878
202011
440.9140000000037
102900005115878
202012
228.52600000000018
102900005115878
202101
169.161
102900005115878
202102
332.0319999999994
102900005115878
202103
152.581
102900005115878
202104
10.088999999999999
102900005115878
202109
59.690999999999974
102900005115878
202110
237.0859999999997
102900005115878
202111
234.1600000000003
102900005115878
202112
292.54199999999946
102900005115878
202201
192.63500000000005
102900005115878
202202
33.673
102900005115878
202203
70.47600000000007
102900005115878
202209
83.44299999999998
102900005115878
202210
258.2979999999999
102900005115878
202211
236.62799999999973
102900005115878
202212
157.15299999999996
102900005115878
202301
170.24299999999997
102900005115878
202303
126.41000000000004
102900005115878
202304
128.3080000000001
102900005115878
202305
43.197999999999986
102900005115885
202009
4.456
102900005115885
202010
34.79600000000001
102900005115885
202011
55.81000000000002
102900005115885
202012
31.480000000000004
102900005115885
202101
17.240999999999996
102900005115885
202102
137.9240000000001
102900005115885
202103
75.00399999999999
102900005115885
202104
100.20600000000002
102900005115885
202105
7.817999999999998
102900005115885
202109
50.26100000000001
102900005115885
202110
57.04699999999997
102900005115885
202111
23.902
102900005115885
202201
10.954
102900005115885
202203
98.33799999999997
102900005115885
202204
24.851999999999997
102900005115885
202209
14.884
102900005115885
202302
33.135999999999996
102900005115885
202303
77.23000000000002
102900005115885
202304
64.85100000000003
102900005115908
202007
389.29499999999905
102900005115908
202008
496.7459999999991
102900005115908
202009
363.0139999999996
102900005115908
202010
267.40900000000045
102900005115908
202011
194.5890000000004
102900005115908
202012
87.04099999999995
102900005115908
202101
111.87899999999998
102900005115908
202102
149.94699999999978
102900005115908
202103
142.53199999999987
102900005115908
202104
169.436
102900005115908
202105
187.5420000000001
102900005115908
202106
254.459
102900005115908
202107
222.68300000000033
102900005115908
202108
241.093
102900005115908
202109
134.71200000000005
102900005115908
202110
108.12299999999998
102900005115908
202111
81.98100000000004
102900005115908
202112
84.95100000000002
102900005115908
202201
78.45799999999998
102900005115908
202202
55.888000000000034
102900005115908
202203
12.483
102900005115908
202204
1.282
102900005115908
202205
11.661999999999999
102900005115908
202206
72.66400000000002
102900005115908
202207
173.27100000000007
102900005115908
202208
1.061
102900005115908
202210
5.525999999999999
102900005115908
202211
21.792
102900005115908
202301
17.357999999999997
102900005115908
202302
84.73900000000005
102900005115908
202303
0.794
102900005115908
202304
10.434999999999999
102900005115908
202305
77.02199999999996
102900005115908
202306
32.931
102900005115946
202007
100.41900000000007
102900005115946
202008
44.143999999999984
102900005115946
202009
75.688
102900005115946
202010
14.755000000000003
102900005115946
202101
2.0340000000000003
102900005115946
202104
2.83
102900005115946
202105
37.80899999999997
102900005115946
202106
27.573000000000015
102900005115946
202107
126.11100000000017
102900005115946
202108
95.90599999999999
102900005115946
202109
96.31400000000001
102900005115946
202110
50.225000000000016
102900005115946
202204
42.80099999999999
102900005115946
202205
163.43599999999992
102900005115946
202206
105.12100000000011
102900005115946
202207
104.09600000000002
102900005115946
202208
81.19300000000003
102900005115946
202209
57.08199999999997
102900005115946
202210
13.06300000000001
102900005115946
202304
22.801999999999996
102900005115946
202305
101.40800000000004
102900005115946
202306
137.5790000000001
102900005115960
202007
460.05099999999953
102900005115960
202008
557.8719999999998
102900005115960
202009
600.0519999999992
102900005115960
202010
1457.1700000000055
102900005115960
202011
2622.411999999993
102900005115960
202012
3706.82199999999
102900005115960
202101
2806.80800000001
102900005115960
202102
1546.7779999999982
102900005115960
202103
992.7989999999976
102900005115960
202104
979.4169999999976
102900005115960
202105
767.8640000000021
102900005115960
202106
515.8970000000005
102900005115960
202107
490.7039999999987
102900005115960
202108
509.3809999999999
102900005115960
202109
236.191
102900005115960
202110
12.858999999999998
102900005115960
202111
6.03
102900005115960
202112
4.391
102900005115960
202211
11.732
102900005115960
202301
32.44800000000001
102900005115960
202302
436.73899999999946
102900005115960
202303
95.88900000000002
102900005115977
202011
30.20499999999999
102900005115977
202012
15.373
102900005115977
202203
14.866999999999999
102900005115977
202211
18.462000000000003
102900005115977
202212
4.922999999999999
102900005115977
202302
0.9400000000000001
102900005115977
202303
0.278
102900005115984
202007
853.9219999999997
102900005115984
202008
739.3109999999996
102900005115984
202009
319.05600000000004
102900005115984
202010
337.64799999999946
102900005115984
202011
330.112
102900005115984
202012
420.4249999999998
102900005115984
202101
473.7639999999999
102900005115984
202102
732.2969999999991
102900005115984
202103
706.429999999996
102900005115984
202104
333.59999999999985
102900005115984
202105
393.7410000000007
102900005115984
202106
340.14100000000076
102900005115984
202107
394.1930000000009
102900005115984
202108
856.4660000000124
102900005115984
202109
308.20599999999996
102900005115984
202110
351.0909999999998
102900005115984
202111
114.24299999999998
102900005115984
202112
111.98099999999994
102900005115984
202201
150.55499999999998
102900005115984
202202
356.3809999999989
102900005115984
202203
162.4490000000001
102900005115984
202204
98.30100000000007
102900005115984
202205
307.82400000000007
102900005115984
202206
237.7359999999995
102900005115984
202207
352.4620000000003
102900005115984
202208
96.901
102900005115984
202210
9.644
102900005115984
202211
64.57399999999998
102900005115984
202212
0.532
102900005115984
202301
31.465
102900005115984
202302
10.252
102900005115984
202306
5.098
102900005116219
202007
1.995
102900005116219
202008
14.170999999999998
102900005116219
202102
2.847
102900005116219
202103
0.435
102900005116219
202105
18.760999999999996
102900005116219
202106
53.776000000000025
102900005116219
202107
52.04100000000004
102900005116219
202108
6.620000000000002
102900005116219
202109
0.188
102900005116219
202110
33.737
102900005116219
202111
3.742
102900005116219
202112
4.922
102900005116219
202201
61.93100000000001
102900005116219
202202
54.10300000000001
102900005116219
202203
23.44299999999999
102900005116219
202204
18.127
102900005116219
202205
30.822999999999993
102900005116219
202206
32.99
102900005116219
202207
23.105
102900005116219
202301
0.192
102900005116219
202304
0.376
102900005116226
202007
91.71799999999993
102900005116226
202008
103.05100000000009
102900005116226
202009
58.53000000000003
102900005116226
202010
44.86500000000002
102900005116226
202011
44.33900000000003
102900005116226
202012
39.400000000000006
102900005116226
202101
63.31400000000002
102900005116226
202102
73.82800000000002
102900005116226
202103
61.424000000000035
102900005116226
202104
71.94300000000001
102900005116226
202105
62.27000000000003
102900005116226
202106
16.506999999999998
102900005116226
202107
31.234999999999996
102900005116226
202108
80.11999999999999
102900005116226
202109
50.96900000000001
102900005116226
202110
55.410999999999966
102900005116226
202111
18.777000000000005
102900005116226
202112
38.172999999999995
102900005116226
202201
79.78099999999998
102900005116226
202202
36.91599999999998
102900005116226
202203
20.998999999999995
102900005116226
202205
3.0549999999999997
102900005116226
202206
0.8049999999999999
102900005116226
202207
28.61000000000001
102900005116226
202211
2.17
102900005116226
202304
2.5709999999999997
102900005116233
202007
108.37500000000001
102900005116233
202008
118.48999999999997
102900005116233
202009
159.44599999999957
102900005116233
202010
98.52700000000002
102900005116233
202011
116.63999999999989
102900005116233
202012
99.98899999999992
102900005116233
202101
99.13900000000002
102900005116233
202102
505.5600000000011
102900005116233
202103
119.0829999999999
102900005116233
202104
85.36999999999992
102900005116233
202105
115.44499999999998
102900005116233
202106
80.168
102900005116233
202107
72.70399999999994
102900005116233
202108
90.59100000000004
102900005116233
202109
151.7149999999996
102900005116233
202110
101.93599999999999
102900005116233
202111
57.29500000000002
102900005116233
202112
49.88299999999999
102900005116233
202201
314.4439999999999
102900005116233
202202
243.82099999999969
102900005116233
202203
71.94899999999998
102900005116233
202204
37.978
102900005116233
202205
53.83500000000006
102900005116233
202206
69.399
102900005116233
202207
38.809999999999974
102900005116233
202211
4.149
102900005116233
202301
380.68199999999933
102900005116233
202302
0.236
102900005116233
202303
1.631
102900005116257
202007
532.8559999999995
102900005116257
202008
545.0519999999992
102900005116257
202009
272.71599999999995
102900005116257
202010
313.08399999999983
102900005116257
202011
227.85699999999986
102900005116257
202012
301.44599999999963
102900005116257
202101
426.46600000000046
102900005116257
202102
657.6280000000012
102900005116257
202103
493.682999999999
102900005116257
202104
371.70299999999924
102900005116257
202105
418.1699999999988
102900005116257
202106
462.6619999999994
102900005116257
202107
434.5599999999997
102900005116257
202108
375.3799999999995
102900005116257
202109
246.38699999999974
102900005116257
202110
243.85099999999986
102900005116257
202111
165.42000000000002
102900005116257
202112
111.365
102900005116257
202201
396.9439999999998
102900005116257
202202
481.05999999999995
102900005116257
202203
379.73799999999966
102900005116257
202204
470.90299999999917
102900005116257
202205
444.5329999999999
102900005116257
202206
496.7350000000004
102900005116257
202207
326.3839999999997
102900005116257
202208
67.76899999999999
102900005116257
202209
5.67
102900005116257
202210
156.7489999999999
102900005116257
202211
244.56300000000005
102900005116257
202212
205.94
102900005116257
202301
558.7170000000007
102900005116257
202302
284.80300000000017
102900005116257
202303
338.61099999999954
102900005116257
202304
459.3419999999991
102900005116257
202305
701.6900000000031
102900005116257
202306
472.02799999999974
102900005116509
202007
451.31699999999995
102900005116509
202008
281.64399999999983
102900005116509
202009
213.26500000000004
102900005116509
202010
124.21099999999993
102900005116509
202011
83.44100000000002
102900005116509
202012
46.43200000000002
102900005116509
202101
62.77199999999995
102900005116509
202102
59.795000000000016
102900005116509
202103
74.71200000000005
102900005116509
202104
63.24700000000001
102900005116509
202105
127.63299999999992
102900005116509
202106
240.66300000000018
102900005116509
202107
156.80900000000008
102900005116509
202108
109.12300000000003
102900005116509
202109
78.327
102900005116509
202110
63.956000000000024
102900005116509
202111
19.977
102900005116509
202112
23.072999999999997
102900005116509
202201
57.81200000000001
102900005116509
202202
44.047000000000004
102900005116509
202203
31.174999999999997
102900005116509
202204
24.634999999999998
102900005116509
202205
182.79000000000005
102900005116509
202206
285.4010000000003
102900005116509
202207
104.43299999999999
102900005116509
202208
28.242999999999988
102900005116509
202210
0.401
102900005116509
202211
7.137
102900005116509
202212
5.251
102900005116509
202301
94.26800000000003
102900005116509
202302
71.70700000000005
102900005116509
202303
83.33400000000002
102900005116509
202304
95.64600000000007
102900005116509
202305
14.075999999999997
102900005116509
202306
60.411000000000065
102900005116530
202007
418.54199999999764
102900005116530
202008
411.68799999999874
102900005116530
202009
375.4930000000003
102900005116530
202010
589.5649999999995
102900005116530
202011
336.56800000000067
102900005116530
202012
763.5700000000002
102900005116530
202101
596.7520000000002
102900005116530
202102
46.46499999999998
102900005116530
202103
390.23100000000176
102900005116530
202104
301.82499999999965
102900005116530
202105
292.0690000000003
102900005116530
202106
357.343000000001
102900005116530
202107
272.4449999999998
102900005116530
202108
124.32600000000002
102900005116530
202109
191.6509999999999
102900005116530
202110
457.52300000000093
102900005116530
202111
637.8490000000011
102900005116530
202112
714.4520000000005
102900005116530
202201
750.0950000000009
102900005116530
202202
236.64099999999956
102900005116530
202203
43.727
102900005116530
202204
7.16
102900005116530
202205
1.175
102900005116530
202206
42.15399999999998
102900005116530
202207
200.56299999999987
102900005116530
202208
133.663
102900005116530
202209
66.66499999999998
102900005116530
202210
451.2389999999994
102900005116530
202211
491.16699999999884
102900005116530
202212
350.6079999999987
102900005116530
202301
522.8240000000003
102900005116530
202302
243.59699999999975
102900005116530
202303
99.3259999999999
102900005116547
202007
447.55199999999894
102900005116547
202008
394.3299999999998
102900005116547
202009
315.3889999999996
102900005116547
202010
507.0390000000003
102900005116547
202011
397.91000000000224
102900005116547
202012
325.7950000000002
102900005116547
202101
315.6489999999989
102900005116547
202102
443.0679999999996
102900005116547
202103
229.38200000000077
102900005116547
202104
248.86099999999934
102900005116547
202105
186.85300000000004
102900005116547
202106
166.37799999999987
102900005116547
202107
207.283
102900005116547
202108
196.289
102900005116547
202109
175.02400000000054
102900005116547
202110
0.151
102900005116547
202201
0.426
102900005116547
202211
9.986000000000002
102900005116547
202301
84.15000000000003
102900005116547
202302
17.717000000000002
102900005116639
202103
6.505999999999999
102900005116639
202104
25.273999999999997
102900005116639
202105
7.089
102900005116639
202106
6.856999999999999
102900005116639
202203
2.8249999999999997
102900005116639
202204
14.761
102900005116639
202205
2.7750000000000004
102900005116639
202303
1.7369999999999999
102900005116639
202304
8.71
102900005116639
202305
7.732
102900005116639
202306
1.896
102900005116714
202007
774.8109999999986
102900005116714
202008
851.5720000000011
102900005116714
202009
778.8249999999963
102900005116714
202010
896.2419999999977
102900005116714
202011
1309.5349999999944
102900005116714
202012
677.1139999999998
102900005116714
202101
627.6459999999998
102900005116714
202102
850.0310000000006
102900005116714
202103
550.9069999999995
102900005116714
202104
743.4820000000028
102900005116714
202105
681.5469999999976
102900005116714
202106
719.7099999999998
102900005116714
202107
766.567000000003
102900005116714
202108
344.6410000000002
102900005116714
202109
659.9520000000016
102900005116714
202110
648.9569999999992
102900005116714
202111
470.25199999999927
102900005116714
202112
705.7080000000001
102900005116714
202201
1352.7390000000064
102900005116714
202202
883.7050000000012
102900005116714
202203
349.84099999999984
102900005116714
202204
364.8700000000002
102900005116714
202205
700.7680000000006
102900005116714
202206
697.8740000000017
102900005116714
202207
1162.8329999999996
102900005116714
202208
1654.6970000000176
102900005116714
202209
708.1049999999988
102900005116714
202210
796.4619999999996
102900005116714
202211
747.5680000000016
102900005116714
202212
585.8029999999997
102900005116714
202301
907.0899999999976
102900005116714
202302
649.5960000000002
102900005116714
202303
469.8859999999997
102900005116714
202304
441.248999999999
102900005116714
202305
466.3939999999998
102900005116714
202306
430.1360000000005
102900005116790
202007
47.13
102900005116790
202008
177.0489999999997
102900005116790
202009
226.56299999999996
102900005116790
202010
332.36199999999974
102900005116790
202011
171.60899999999987
102900005116790
202012
130.89999999999995
102900005116790
202101
186.02999999999952
102900005116790
202102
89.66899999999994
102900005116790
202103
158.28299999999993
102900005116790
202104
174.2370000000001
102900005116790
202105
140.79799999999997
102900005116790
202106
111.17299999999999
102900005116790
202107
222.5350000000001
102900005116790
202108
228.721
102900005116790
202109
93.84100000000002
102900005116790
202110
22.927
102900005116790
202111
2.763
102900005116790
202112
11.412
102900005116790
202203
0.282
102900005116790
202205
0.433
102900005116790
202206
0.934
102900005116790
202208
4.239
102900005116790
202211
34.522999999999996
102900005116790
202212
0.927
102900005116790
202302
61.82300000000003
102900005116790
202303
53.10900000000001
102900005116790
202304
0.395
102900005116806
202106
0.377
102900005116806
202211
75.12700000000007
102900005116806
202212
25.621000000000006
102900005116837
202007
0.424
102900005116837
202009
64.81200000000007
102900005116837
202010
196.7570000000002
102900005116837
202011
293.97900000000016
102900005116837
202012
386.3259999999987
102900005116837
202101
309.7379999999994
102900005116837
202102
290.69100000000026
102900005116837
202103
169.48499999999996
102900005116837
202104
96.61699999999998
102900005116837
202105
42.30399999999999
102900005116837
202106
13.828000000000003
102900005116837
202111
116.685
102900005116837
202112
203.83200000000014
102900005116837
202201
257.914
102900005116837
202202
37.91300000000001
102900005116837
202204
23.777000000000008
102900005116837
202205
0.181
102900005116837
202212
0.513
102900005116837
202302
0.518
102900005116899
202007
193.5669999999999
102900005116899
202008
712.3500000000003
102900005116899
202009
743.4680000000013
102900005116899
202010
1231.261000000004
102900005116899
202011
856.4590000000003
102900005116899
202012
1062.709999999999
102900005116899
202101
1046.2640000000004
102900005116899
202102
1116.2269999999987
102900005116899
202103
602.3829999999995
102900005116899
202104
349.06900000000024
102900005116899
202105
208.519
102900005116899
202106
130.80700000000004
102900005116899
202107
260.70900000000006
102900005116899
202108
605.6959999999991
102900005116899
202109
1194.705000000001
102900005116899
202110
604.8589999999996
102900005116899
202111
456.3649999999994
102900005116899
202112
1137.1489999999994
102900005116899
202201
1532.1160000000023
102900005116899
202202
863.0750000000002
102900005116899
202203
767.728
102900005116899
202204
292.11800000000005
102900005116899
202205
111.682
102900005116899
202206
138.96199999999993
102900005116899
202207
735.2269999999991
102900005116899
202208
1223.8399999999997
102900005116899
202209
649.2660000000002
102900005116899
202210
1342.3980000000033
102900005116899
202211
835.2070000000009
102900005116899
202212
870.3760000000001
102900005116899
202301
894.2399999999997
102900005116899
202302
661.3700000000009
102900005116899
202303
428.7739999999996
102900005116899
202304
231.742
102900005116899
202305
169.85400000000007
102900005116899
202306
155.4159999999998
102900005116905
202102
1.176
102900005116905
202108
0.339
102900005116905
202109
0.302
102900005116912
202007
45.133000000000024
102900005116912
202008
42.62800000000001
102900005116912
202009
34.671
102900005116912
202010
23.834000000000007
102900005116912
202012
16.974000000000004
102900005116912
202101
25.619999999999997
102900005116912
202102
16.737999999999992
102900005116912
202103
9.884
102900005116912
202104
2.861
102900005116912
202105
0.622
102900005116912
202106
26.158999999999992
102900005116912
202107
41.349999999999994
102900005116912
202108
58.30400000000003
102900005116912
202109
27.190000000000023
102900005116943
202007
56.74900000000007
102900005116943
202008
45.711000000000006
102900005116943
202009
38.44099999999997
102900005116943
202010
39.537000000000006
102900005116943
202011
26.255000000000003
102900005116943
202012
16.775999999999996
102900005116943
202101
31.697000000000028
102900005116943
202102
84.94499999999991
102900005116943
202103
33.40399999999997
102900005116943
202104
29.365999999999996
102900005116943
202105
25.491000000000003
102900005116943
202106
34.234999999999964
102900005116943
202107
24.176000000000016
102900005116943
202108
37.884000000000015
102900005116943
202109
27.366
102900005116943
202110
14.589000000000002
102900005116943
202111
0.94
102900005116943
202112
10.429999999999998
102900005116943
202201
33.541000000000004
102900005116943
202202
30.137999999999987
102900005116943
202203
6.263000000000001
102900005116943
202206
0.03
102900005116943
202207
4.796
102900005116943
202302
2.4450000000000003
102900005117056
202007
1004.1600000000024
102900005117056
202008
1824.8640000000107
102900005117056
202009
1241.8320000000024
102900005117056
202010
1301.9080000000108
102900005117056
202011
1349.6170000000004
102900005117056
202012
949.593999999999
102900005117056
202101
1162.7010000000084
102900005117056
202102
652.4299999999995
102900005117056
202202
0.175
102900005117209
202007
30.733
102900005117209
202008
14.842999999999995
102900005117209
202009
14.840999999999998
102900005117209
202010
14.177000000000005
102900005117209
202011
13.522999999999996
102900005117209
202012
29.176999999999996
102900005117209
202101
29.480000000000004
102900005117209
202102
11.447999999999999
102900005117209
202103
1.533
102900005117209
202104
0.49
102900005117209
202105
1.449
102900005117209
202106
0.889
102900005117209
202107
0.883
102900005117209
202108
13.350999999999999
102900005117209
202109
14.691999999999995
102900005117209
202110
1.562
102900005117209
202112
0.167
102900005117209
202201
11.838000000000001
102900005117209
202202
9.867000000000004
102900005117209
202301
41.262
102900005117209
202302
1.3450000000000002
102900005117209
202303
0.7
102900005117209
202304
1.3890000000000002
102900005117353
202105
18.0
102900005117353
202107
4.0
102900005118572
202010
15.500999999999998
102900005118572
202104
125.5419999999997
102900005118572
202105
325.8659999999985
102900005118572
202106
91.47000000000013
102900005118572
202107
0.898
102900005118572
202110
21.516999999999992
102900005118572
202202
7.928
102900005118572
202211
3.125
102900005118817
202007
5.472
102900005118817
202008
24.095999999999997
102900005118817
202009
48.978000000000016
102900005118817
202010
506.75599999999906
102900005118817
202011
338.14400000000063
102900005118817
202012
295.34700000000015
102900005118817
202101
228.02700000000016
102900005118817
202102
189.70499999999964
102900005118817
202103
153.38200000000026
102900005118817
202104
176.3939999999998
102900005118817
202105
145.63100000000009
102900005118817
202106
159.44399999999987
102900005118817
202107
229.30899999999994
102900005118817
202108
197.40999999999968
102900005118817
202109
183.98499999999984
102900005118817
202110
158.10000000000005
102900005118817
202111
141.69899999999996
102900005118817
202112
287.78600000000085
102900005118817
202201
307.656
102900005118817
202202
222.2029999999997
102900005118817
202203
121.92399999999998
102900005118817
202204
104.80100000000004
102900005118817
202205
152.85300000000012
102900005118817
202206
121.97800000000008
102900005118817
202207
100.43299999999992
102900005118817
202208
11.041999999999998
102900005118817
202209
9.583
102900005118817
202210
22.243
102900005118817
202211
59.858
102900005118817
202212
185.48500000000016
102900005118817
202301
257.40599999999984
102900005118817
202302
43.775
102900005118817
202306
6.819999999999999
102900005118824
202007
73.10200000000005
102900005118824
202008
42.36700000000002
102900005118824
202009
38.564999999999976
102900005118824
202010
17.255000000000003
102900005118824
202012
4.667
102900005118824
202102
6.547999999999999
102900005118824
202103
17.116999999999997
102900005118824
202104
44.761
102900005118824
202105
74.16700000000006
102900005118824
202106
162.9489999999997
102900005118824
202107
97.3599999999999
102900005118824
202108
74.43199999999996
102900005118824
202109
31.590999999999994
102900005118824
202110
30.193000000000005
102900005118824
202111
4.5680000000000005
102900005118824
202204
6.904000000000001
102900005118824
202205
18.267
102900005118824
202206
46.61300000000001
102900005118824
202207
74.93
102900005118824
202208
16.203999999999997
102900005118824
202209
2.3950000000000005
102900005118824
202303
59.82700000000006
102900005118824
202304
77.29000000000005
102900005118824
202305
48.933
102900005118824
202306
59.14599999999998
102900005118831
202007
297.0
102900005118831
202008
317.0
102900005118831
202009
176.0
102900005118831
202010
367.0
102900005118831
202011
191.0
102900005118831
202012
207.0
102900005118831
202101
258.0
102900005118831
202102
231.0
102900005118831
202103
225.0
102900005118831
202104
218.0
102900005118831
202105
179.0
102900005118831
202106
152.0
102900005118831
202107
194.0
102900005118831
202108
263.0
102900005118831
202109
195.0
102900005118831
202110
2.0
102900005118831
202112
16.0
102900005118831
202201
4.0
102900005118831
202202
1.0
102900005118831
202203
1.0
102900005118831
202204
4.0
102900005118831
202207
2.0
102900005118831
202208
1.0
102900005118831
202209
21.0
102900005118831
202210
16.0
102900005118831
202211
679.0
102900005118831
202212
983.0
102900005118831
202301
940.0
102900005118831
202302
464.0
102900005118831
202303
430.0
102900005118831
202304
409.0
102900005118831
202305
588.0
102900005118831
202306
307.0
102900005119098
202009
10.877999999999998
102900005119098
202010
2.2760000000000002
102900005119098
202012
66.02799999999998
102900005119098
202101
39.79899999999997
102900005119098
202102
32.02600000000002
102900005119098
202103
19.604000000000003
102900005119098
202104
35.07299999999999
102900005119098
202105
74.53300000000004
102900005119098
202106
62.78999999999995
102900005119098
202107
65.03300000000006
102900005119098
202108
61.453000000000046
102900005119098
202109
48.192000000000036
102900005119098
202110
32.246
102900005119104
202111
14.0
102900005119104
202203
35.0
102900005119104
202204
2.0
102900005119104
202205
7.0
102900005119104
202210
9.0
102900005119944
202007
47.995000000000054
102900005119944
202008
58.974000000000025
102900005119944
202009
50.997
102900005119944
202010
35.20000000000002
102900005119944
202012
24.243999999999986
102900005119944
202101
24.47600000000001
102900005119944
202102
21.102000000000007
102900005119944
202103
4.9159999999999995
102900005119944
202104
17.474000000000004
102900005119944
202105
30.936000000000032
102900005119944
202106
40.249000000000045
102900005119944
202107
35.95700000000001
102900005119944
202108
62.733999999999966
102900005119944
202109
41.63799999999999
102900005119968
202009
8.052000000000003
102900005119968
202101
1.6849999999999998
102900005119968
202102
3.297
102900005119968
202104
0.418
102900005119968
202105
0.502
102900005119968
202106
6.6290000000000004
102900005119968
202107
42.427000000000035
102900005119968
202108
55.71499999999999
102900005119968
202109
9.674999999999999
102900005119968
202206
0.1
102900005119975
202007
567.7870000000011
102900005119975
202008
599.7659999999967
102900005119975
202009
249.9359999999999
102900005119975
202010
3.8560000000000003
102900005119975
202102
2.698
102900005119975
202103
56.025000000000006
102900005119975
202104
110.95
102900005119975
202105
289.17600000000004
102900005119975
202106
402.9469999999997
102900005119975
202107
378.1409999999996
102900005119975
202108
294.63399999999933
102900005119975
202109
166.7749999999998
102900005119975
202110
144.961
102900005119975
202111
13.714000000000004
102900005119975
202203
47.49999999999999
102900005119975
202204
82.49499999999996
102900005119975
202205
194.726
102900005119975
202206
551.7529999999989
102900005119975
202207
335.85699999999844
102900005119975
202208
0.441
102900005119975
202209
85.64900000000002
102900005119975
202210
31.08899999999999
102900005119975
202302
1.2309999999999999
102900005119975
202303
0.395
102900005119975
202304
7.741
102900005119975
202305
150.85500000000002
102900005119975
202306
190.05800000000013
102900005122654
202010
14.404000000000003
102900005122654
202011
193.10199999999998
102900005122654
202012
188.701
102900005122654
202101
733.9379999999979
102900005122654
202102
598.4280000000019
102900005122654
202110
47.741999999999976
102900005122654
202111
126.4470000000002
102900005122654
202112
478.6029999999999
102900005122654
202201
388.99199999999996
102900005122654
202202
317.3160000000007
102900005122654
202203
52.01999999999998
102900005122654
202210
28.186999999999998
102900005122654
202211
168.7210000000002
102900005122654
202212
122.71199999999996
102900005122654
202301
842.2010000000014
102900005122654
202302
545.9860000000001
102900005122654
202303
53.784
102900005123880
202007
31.552
102900005123880
202008
21.063000000000002
102900005123880
202009
17.143000000000008
102900005123880
202010
15.311
102900005123880
202011
19.549999999999997
102900005123880
202012
17.899000000000004
102900005123880
202101
9.123999999999999
102900005123880
202102
8.129999999999999
102900005123880
202103
0.595
102900005123880
202105
0.16
102900005123880
202106
0.371
102900005123880
202107
0.191
102900005123880
202108
12.383
102900005123880
202109
20.235
102900005123880
202110
0.376
102900005123880
202201
8.579
102900005123880
202301
21.718999999999998
102900005123880
202303
1.7429999999999999
102900005123880
202304
2.445
102900005125808
202007
91.8660000000001
102900005125808
202008
104.9399999999999
102900005125808
202009
67.9140000000002
102900005125808
202010
69.73200000000001
102900005125808
202011
51.94499999999981
102900005125808
202012
54.41600000000005
102900005125808
202101
53.86200000000004
102900005125808
202102
147.2649999999998
102900005125808
202103
69.0380000000001
102900005125808
202104
57.34
102900005125808
202105
64.4909999999999
102900005125808
202106
80.692
102900005125808
202107
89.61799999999994
102900005125808
202108
84.441
102900005125808
202109
68.23000000000008
102900005125808
202110
26.936000000000007
102900005125808
202111
24.596999999999994
102900005125808
202112
9.462000000000003
102900005125808
202201
72.98700000000001
102900005125808
202202
42.751999999999995
102900005125808
202203
0.064
102900005125808
202205
0.197
102900005125808
202206
3.7040000000000006
102900005125808
202207
30.307999999999996
102900005125808
202301
63.279000000000025
102900005125808
202302
9.945999999999998
102900005125808
202305
1.932
102900005125815
202007
363.5919999999998
102900005125815
202008
350.4529999999995
102900005125815
202009
221.1270000000001
102900005125815
202010
129.31800000000013
102900005125815
202011
80.48900000000003
102900005125815
202012
83.35500000000006
102900005125815
202101
107.52699999999997
102900005125815
202102
149.25299999999993
102900005125815
202103
88.68199999999996
102900005125815
202104
78.24700000000004
102900005125815
202105
109.15699999999997
102900005125815
202106
101.819
102900005125815
202107
121.035
102900005125815
202108
223.74000000000015
102900005125815
202109
156.54299999999998
102900005125815
202110
0.532
102900005125815
202211
0.645
102900005125815
202303
0.685
102900005125815
202305
1.6309999999999998
102900005128748
202108
0.074
102900005128748
202305
1.402
102900011000175
202008
89.68300000000008
102900011000328
202007
452.99800000000033
102900011000328
202008
392.35700000000037
102900011000328
202009
227.6219999999999
102900011000328
202010
168.42200000000008
102900011000328
202011
105.90099999999991
102900011000328
202012
105.28699999999995
102900011000328
202101
133.13899999999992
102900011000328
202102
369.8639999999994
102900011000328
202103
486.9529999999992
102900011000328
202104
320.1849999999998
102900011000328
202105
422.031999999999
102900011000328
202106
446.34500000000116
102900011000328
202107
284.98200000000065
102900011000328
202108
190.0349999999998
102900011000328
202109
159.45999999999987
102900011000328
202110
153.08099999999985
102900011000328
202111
79.51100000000002
102900011000328
202112
153.43500000000031
102900011000328
202201
309.05400000000003
102900011000328
202202
202.46799999999968
102900011000328
202203
205.529
102900011000328
202204
272.6209999999999
102900011000328
202205
512.1459999999997
102900011000328
202206
432.63200000000154
102900011000328
202207
154.0890000000001
102900011000328
202208
53.298
102900011000328
202210
0.134
102900011000328
202211
6.663
102900011000328
202212
16.821999999999996
102900011000328
202301
237.2649999999997
102900011000328
202302
26.23499999999998
102900011000328
202303
6.964
102900011000328
202304
29.734
102900011000328
202305
323.5850000000001
102900011000328
202306
258.093
102900011000335
202107
4.289
102900011000335
202205
2.2369999999999997
102900011000335
202206
0.623
102900011000335
202207
0.509
102900011000571
202012
42.51299999999998
102900011000571
202101
63.05899999999995
102900011000571
202102
33.76899999999999
102900011000571
202103
136.43899999999994
102900011000571
202111
58.87399999999998
102900011000571
202112
11.467000000000002
102900011000571
202204
0.526
102900011000571
202206
86.34299999999998
102900011000571
202207
6.465000000000001
102900011000571
202211
124.41200000000006
102900011000571
202212
75.60299999999998
102900011000571
202302
34.95100000000002
102900011000632
202101
9.725
102900011000632
202102
1.4609999999999999
102900011000632
202110
0.798
102900011000632
202203
0.9019999999999999
102900011000632
202204
0.365
102900011000861
202107
15.445000000000007
102900011000861
202207
12.267999999999997
102900011001219
202007
36.50400000000001
102900011001219
202008
28.872000000000003
102900011001219
202009
20.706
102900011001219
202010
20.212999999999994
102900011001219
202011
19.047
102900011001219
202012
30.968999999999994
102900011001219
202101
31.348000000000003
102900011001219
202102
10.658999999999997
102900011001219
202103
1.242
102900011001219
202105
0.538
102900011001219
202106
0.17
102900011001219
202107
0.53
102900011001219
202108
7.747999999999998
102900011001219
202109
16.504000000000005
102900011001219
202110
0.32199999999999995
102900011001219
202112
0.158
102900011001219
202201
11.205
102900011001219
202202
0.254
102900011001219
202203
0.49
102900011001219
202204
0.237
102900011001219
202301
14.294000000000002
102900011001219
202302
10.100999999999999
102900011001219
202303
8.513
102900011001219
202304
3.8799999999999994
102900011001561
202007
16.0
102900011001561
202008
55.0
102900011001561
202107
60.0
102900011001561
202206
44.0
102900011001561
202207
705.0
102900011001561
202208
972.0
102900011001561
202209
236.0
102900011001691
202008
9.377999999999998
102900011001691
202107
10.963999999999997
102900011001691
202205
0.692
102900011001691
202206
9.784999999999998
102900011001691
202207
19.199000000000005
102900011001691
202208
31.400999999999996
102900011001691
202305
8.836
102900011001691
202306
30.698
102900011001806
202007
58.0
102900011001806
202008
61.0
102900011001806
202009
98.0
102900011001806
202010
123.0
102900011001806
202011
111.0
102900011001806
202012
92.0
102900011001806
202101
110.0
102900011001806
202102
54.0
102900011001806
202103
41.0
102900011001806
202104
44.0
102900011001806
202105
17.0
102900011001806
202106
31.0
102900011001806
202107
25.0
102900011001806
202108
94.0
102900011001806
202109
60.0
102900011001806
202110
5.0
102900011001806
202112
1.0
102900011001806
202201
7.0
102900011001806
202202
14.0
102900011001806
202207
5.0
102900011001806
202208
8.0
102900011001806
202301
1.0
102900011001813
202007
26.0
102900011001813
202008
72.0
102900011001813
202009
171.0
102900011001813
202010
542.0
102900011001813
202011
892.0
102900011001813
202012
348.0
102900011001813
202105
16.0
102900011001813
202107
13.0
102900011001813
202108
10.0
102900011001813
202109
7.0
102900011002414
202102
0.9189999999999999
102900011002414
202103
8.940999999999999
102900011002414
202104
10.212000000000002
102900011002414
202105
9.174
102900011002414
202106
3.88
102900011002414
202107
10.513
102900011002414
202108
0.426
102900011002414
202303
1.187
102900011006689
202007
51.831000000000024
102900011006689
202008
49.34500000000003
102900011006689
202009
47.205
102900011006689
202010
52.199999999999974
102900011006689
202011
24.106999999999992
102900011006689
202012
31.249999999999993
102900011006689
202101
62.92300000000003
102900011006689
202102
44.47999999999999
102900011006689
202103
55.45900000000002
102900011006689
202104
120.17599999999986
102900011006689
202105
121.54400000000015
102900011006689
202106
43.30599999999999
102900011006689
202107
19.482
102900011006689
202109
75.38199999999998
102900011006689
202110
124.41799999999998
102900011006689
202111
85.70200000000006
102900011006689
202112
92.62200000000001
102900011006689
202201
24.47200000000002
102900011006689
202202
71.35499999999999
102900011006689
202203
92.27500000000002
102900011006689
202204
166.84299999999965
102900011006689
202205
81.87799999999997
102900011006948
202007
25.932000000000002
102900011006948
202008
35.09100000000001
102900011006948
202106
66.067
102900011006948
202107
90.78800000000003
102900011006948
202108
97.7650000000001
102900011006948
202109
66.08500000000001
102900011006948
202110
7.851999999999999
102900011006948
202111
12.508000000000003
102900011006948
202201
23.815999999999992
102900011006948
202202
19.419999999999998
102900011006948
202203
16.418
102900011006948
202204
48.224000000000004
102900011006948
202205
103.23900000000005
102900011006948
202206
31.398
102900011006948
202209
27.613000000000003
102900011006948
202210
0.442
102900011006948
202212
0.301
102900011006948
202302
22.564999999999994
102900011006948
202303
23.59600000000001
102900011006948
202306
12.147000000000002
102900011006955
202106
2.168
102900011006955
202107
13.850999999999999
102900011006955
202202
0.318
102900011007044
202009
1.0
102900011007044
202012
26.0
102900011007044
202101
17.0
102900011007044
202102
1.0
102900011007044
202109
4.0
102900011007044
202201
6.0
102900011007044
202202
5.0
102900011007044
202205
1.0
102900011007044
202208
9.0
102900011007044
202209
4.0
102900011007044
202211
11.0
102900011007044
202212
38.0
102900011007044
202301
33.0
102900011007044
202302
42.0
102900011007044
202303
31.0
102900011007044
202304
12.0
102900011007464
202009
1.8299999999999998
102900011007464
202102
0.28900000000000003
102900011007464
202103
7.054999999999999
102900011007464
202104
3.6820000000000004
102900011007464
202106
2.705
102900011007464
202107
0.338
102900011007464
202202
0.647
102900011007464
202203
1.6179999999999999
102900011007464
202204
1.2180000000000002
102900011007464
202205
0.883
102900011007464
202206
0.251
102900011007464
202207
0.353
102900011007464
202211
0.33099999999999996
102900011007464
202212
2.7590000000000003
102900011007464
202301
2.0830000000000006
102900011007464
202302
1.1429999999999998
102900011007464
202303
0.753
102900011007464
202306
1.3910000000000002
102900011007471
202103
0.42900000000000005
102900011007471
202104
2.483
102900011007471
202212
0.709
102900011007471
202302
1.063
102900011007471
202303
0.556
102900011007471
202304
0.34299999999999997
102900011007471
202305
0.337
102900011007471
202306
0.6020000000000001
102900011007495
202108
0.056
102900011007495
202202
0.782
102900011007495
202203
0.446
102900011007495
202204
0.5910000000000001
102900011007495
202205
0.393
102900011007495
202302
0.33799999999999997
102900011007495
202303
1.0030000000000001
102900011007495
202304
0.178
102900011007969
202008
2.625
102900011007969
202009
1.522
102900011007969
202205
5.58
102900011007969
202206
19.343000000000004
102900011007969
202304
2.442
102900011007969
202305
38.91399999999999
102900011007969
202306
30.04300000000001
102900011008133
202102
4.231
102900011008133
202106
4.408
102900011008133
202203
2.0420000000000003
102900011008133
202204
2.2800000000000002
102900011008133
202302
1.266
102900011008164
202008
19.555
102900011008164
202009
225.30499999999972
102900011008164
202010
221.26100000000028
102900011008164
202011
200.34699999999992
102900011008164
202012
82.2470000000001
102900011008164
202101
92.72499999999994
102900011008164
202102
151.01300000000026
102900011008164
202103
120.09299999999988
102900011008164
202104
228.07800000000017
102900011008164
202105
251.89899999999946
102900011008164
202106
163.0999999999997
102900011008164
202107
188.85699999999977
102900011008164
202108
361.3350000000003
102900011008164
202109
373.2420000000013
102900011008164
202110
273.5029999999997
102900011008164
202111
124.96099999999996
102900011008164
202112
127.22699999999992
102900011008164
202201
116.29700000000004
102900011008164
202202
100.37999999999998
102900011008164
202203
200.07399999999961
102900011008164
202204
226.18700000000007
102900011008164
202205
265.1129999999997
102900011008164
202206
307.0569999999994
102900011008164
202207
220.62099999999975
102900011008164
202208
8.0
102900011008164
202209
14.365999999999998
102900011008164
202210
39.47699999999999
102900011008164
202211
116.14800000000001
102900011008164
202212
58.706
102900011008164
202301
185.37699999999998
102900011008164
202302
28.448
102900011008164
202303
31.05299999999999
102900011008164
202304
65.42800000000003
102900011008164
202305
237.2230000000001
102900011008164
202306
349.68199999999916
102900011008485
202106
5.842999999999999
102900011008485
202107
28.529999999999998
102900011008485
202108
10.388
102900011008485
202302
1.3820000000000001
102900011008485
202303
0.444
102900011008485
202304
0.115
102900011008492
202107
1.246
102900011008515
202103
2.867
102900011008515
202202
0.122
102900011008515
202203
2.0260000000000002
102900011008515
202204
0.184
102900011008515
202302
0.721
102900011008515
202303
2.008
102900011008515
202304
0.49
102900011008522
202007
620.2259999999994
102900011008522
202008
521.8759999999994
102900011008522
202009
570.3769999999998
102900011008522
202010
419.9599999999996
102900011008522
202011
166.38500000000002
102900011008522
202012
106.72399999999998
102900011008522
202101
32.184
102900011008522
202107
132.9480000000001
102900011008522
202108
664.2059999999963
102900011008522
202109
455.66999999999956
102900011008522
202110
144.261
102900011008522
202111
0.522
102900011008522
202208
271.4159999999999
102900011008522
202209
195.54300000000012
102900011008522
202210
114.2460000000001
102900011008577
202011
1.0
102900011008577
202104
1.0
102900011008577
202203
1.0
102900011008676
202011
4.8580000000000005
102900011008676
202012
3.44
102900011008676
202102
3.3140000000000005
102900011008676
202302
0.094
102900011009246
202008
15.302000000000005
102900011009246
202009
15.549999999999999
102900011009246
202010
20.296000000000006
102900011009246
202011
16.105
102900011009246
202012
19.448999999999998
102900011009246
202101
25.470000000000006
102900011009246
202102
32.682000000000016
102900011009246
202103
27.974000000000007
102900011009246
202104
21.161999999999995
102900011009246
202105
0.584
102900011009246
202106
14.433
102900011009246
202107
3.1639999999999997
102900011009277
202012
440.27400000000017
102900011009277
202101
310.9279999999998
102900011009277
202102
133.20199999999997
102900011009277
202111
25.752999999999986
102900011009277
202112
120.64800000000001
102900011009277
202201
140.50199999999998
102900011009277
202202
39.90799999999999
102900011009277
202212
73.105
102900011009277
202301
270.02700000000016
102900011009277
202302
47.96300000000002
102900011009444
202007
271.0400000000002
102900011009444
202008
293.9879999999998
102900011009444
202010
159.45900000000003
102900011009444
202011
59.46800000000001
102900011009444
202012
10.928000000000003
102900011009444
202102
34.722
102900011009444
202103
15.322000000000003
102900011009444
202104
144.7499999999999
102900011009444
202105
110.92399999999995
102900011009444
202106
38.820000000000014
102900011009772
202202
0.415
102900011009970
202007
634.461000000002
102900011009970
202008
847.3150000000022
102900011009970
202009
532.0919999999998
102900011009970
202010
716.3149999999966
102900011009970
202011
633.8559999999986
102900011009970
202012
553.8329999999994
102900011009970
202101
593.8059999999998
102900011009970
202102
644.512999999999
102900011009970
202103
615.3550000000014
102900011009970
202104
619.9739999999993
102900011009970
202105
426.8390000000002
102900011009970
202106
476.7639999999998
102900011009970
202107
454.7450000000002
102900011009970
202108
51.404
102900011009970
202109
3.297
102900011009970
202110
6.496
102900011009970
202111
0.702
102900011009970
202112
56.79300000000001
102900011009970
202201
5.685
102900011009970
202202
19.896999999999995
102900011009970
202203
1.412
102900011009970
202204
13.501
102900011009970
202209
20.858000000000004
102900011009970
202301
80.02699999999999
102900011009970
202302
7.954
102900011009970
202306
7.042
102900011010563
202009
1.2149999999999999
102900011010891
202008
2.6670000000000003
102900011010891
202104
6.3709999999999996
102900011010891
202111
9.881
102900011010891
202112
3.06
102900011010891
202209
4.465
102900011010891
202212
33.440999999999995
102900011010891
202301
35.793000000000006
102900011010891
202302
47.196000000000005
102900011010891
202303
87.6480000000001
102900011010891
202304
89.808
102900011010891
202305
81.01299999999996
102900011010891
202306
12.436000000000002
102900011011058
202208
0.446
102900011011546
202007
3.0
102900011011546
202008
82.0
102900011011546
202009
102.0
102900011011546
202010
227.0
102900011011546
202011
413.0
102900011011546
202012
381.0
102900011011546
202103
1.0
102900011011546
202104
10.0
102900011011546
202105
4.0
102900011011546
202106
5.0
102900011011546
202107
24.0
102900011011546
202108
6.0
102900011011546
202109
3.0
102900011011669
202011
4.770000000000001
102900011011669
202012
5.821999999999999
102900011011669
202102
4.1160000000000005
102900011012482
202211
17.0
102900011012482
202212
28.0
102900011012482
202301
17.0
102900011012482
202302
4.0
102900011012871
202009
0.34199999999999997
102900011012871
202010
0.764
102900011012871
202011
0.6160000000000001
102900011012871
202012
3.933
102900011012994
202008
15.0
102900011012994
202009
11.0
102900011012994
202010
348.0
102900011012994
202011
133.0
102900011012994
202012
86.0
102900011012994
202101
125.0
102900011012994
202102
107.0
102900011012994
202103
75.0
102900011012994
202104
55.0
102900011012994
202105
65.0
102900011012994
202106
23.0
102900011012994
202107
41.0
102900011012994
202108
54.0
102900011012994
202109
30.0
102900011012994
202201
66.0
102900011012994
202202
50.0
102900011012994
202301
51.0
102900011012994
202302
5.0
102900011013274
202008
36.0
102900011013274
202009
82.0
102900011013274
202010
149.0
102900011013274
202011
284.0
102900011013274
202012
176.0
102900011013274
202101
184.0
102900011013274
202102
239.0
102900011013274
202103
130.0
102900011013274
202104
96.0
102900011013274
202105
52.0
102900011013274
202106
78.0
102900011013274
202107
73.0
102900011013274
202108
101.0
102900011013274
202109
91.0
102900011013274
202110
1.0
102900011013274
202201
5.0
102900011013274
202202
2.0
102900011013274
202203
49.0
102900011013274
202204
49.0
102900011013274
202205
23.0
102900011013274
202206
28.0
102900011013274
202207
76.0
102900011013274
202208
32.0
102900011013274
202209
55.0
102900011013274
202210
91.0
102900011013274
202211
58.0
102900011013274
202212
80.0
102900011013274
202301
158.0
102900011013274
202302
124.0
102900011013274
202303
95.0
102900011013274
202304
58.0
102900011013274
202305
27.0
102900011013274
202306
12.0
102900011015384
202203
2.9589999999999996
102900011015384
202204
0.431
102900011015391
202103
0.9430000000000001
102900011016701
202009
13.668
102900011016701
202102
1582.3549999999989
102900011016701
202103
1632.901999999998
102900011016701
202104
1184.2939999999903
102900011016701
202105
1402.2139999999986
102900011016701
202106
1049.0339999999967
102900011016701
202107
848.5339999999997
102900011016701
202108
1064.1380000000133
102900011016701
202109
747.6929999999979
102900011016701
202110
1048.9559999999979
102900011016701
202111
508.3740000000008
102900011016701
202112
737.7600000000011
102900011016701
202201
1529.657000000003
102900011016701
202202
732.593000000002
102900011016701
202203
784.700000000002
102900011016701
202204
783.0709999999958
102900011016701
202205
852.7340000000041
102900011016701
202206
607.1609999999994
102900011016701
202207
724.7000000000046
102900011016701
202208
1349.0449999999903
102900011016701
202209
535.2600000000003
102900011016701
202210
1130.740000000007
102900011016701
202211
1261.8760000000027
102900011016701
202212
958.3339999999986
102900011016701
202301
1219.864999999992
102900011016701
202302
715.114000000001
102900011016701
202303
783.8760000000011
102900011016701
202304
693.8029999999985
102900011016701
202305
682.0259999999994
102900011016701
202306
509.6950000000001
102900011016909
202009
7.8180000000000005
102900011016909
202011
6.174
102900011016909
202012
21.973000000000003
102900011016909
202102
17.977000000000004
102900011016909
202107
10.218
102900011016909
202205
27.488000000000017
102900011016909
202206
8.168
102900011016909
202207
1.563
102900011018095
202010
93.0
102900011018095
202011
150.0
102900011018095
202012
201.0
102900011018095
202101
192.0
102900011018095
202102
265.0
102900011018095
202103
77.0
102900011018132
202011
16.998999999999995
102900011018132
202012
26.33399999999999
102900011018132
202101
5.042999999999999
102900011018132
202306
2.439
102900011021644
202112
7.0
102900011021644
202201
1.0
102900011021675
202304
2.388
102900011021699
202012
2.3340000000000005
102900011021699
202110
1.585
102900011021699
202111
2.683
102900011021842
202012
168.0
102900011021842
202101
549.0
102900011021842
202102
656.0
102900011021842
202103
285.0
102900011021842
202104
119.0
102900011021842
202109
167.0
102900011021842
202110
31.0
102900011021842
202111
11.0
102900011021842
202201
311.0
102900011021842
202202
43.0
102900011021842
202203
52.0
102900011021842
202204
13.0
102900011021842
202208
29.0
102900011021842
202209
367.0
102900011021842
202210
391.0
102900011021842
202211
454.0
102900011021842
202212
570.0
102900011021842
202301
774.0
102900011021842
202302
238.0
102900011021842
202303
168.0
102900011021842
202304
119.0
102900011022030
202101
65.0
102900011022030
202102
187.0
102900011022030
202103
103.0
102900011022030
202104
55.0
102900011022030
202105
53.0
102900011022030
202106
77.0
102900011022030
202107
43.0
102900011022030
202108
54.0
102900011022764
202101
12.353000000000002
102900011022764
202102
75.83900000000004
102900011022764
202106
14.141000000000002
102900011022764
202107
310.6919999999997
102900011022764
202108
347.9109999999996
102900011022764
202109
218.39499999999984
102900011022764
202110
131.33999999999995
102900011022764
202111
55.46499999999999
102900011022764
202112
54.49700000000003
102900011022764
202201
157.02799999999976
102900011022764
202202
72.99499999999999
102900011022764
202203
87.05899999999998
102900011022764
202204
120.57100000000008
102900011022764
202205
148.1510000000001
102900011022764
202206
181.87499999999977
102900011022764
202207
127.83399999999996
102900011022764
202208
157.8740000000001
102900011022764
202209
9.17
102900011022764
202305
25.786
102900011022764
202306
186.9500000000001
102900011022849
202102
18.996000000000002
102900011022849
202209
161.0999999999999
102900011022849
202210
312.5670000000002
102900011022849
202211
289.36100000000033
102900011022849
202212
493.84300000000036
102900011022849
202301
99.25500000000002
102900011022924
202103
31.27499999999999
102900011023464
202108
24.154999999999998
102900011023464
202109
208.7039999999998
102900011023464
202110
224.9209999999999
102900011023464
202111
146.35399999999996
102900011023464
202112
104.19399999999995
102900011023464
202201
123.08200000000008
102900011023464
202202
69.51700000000004
102900011023464
202203
196.04799999999972
102900011023464
202204
223.89599999999987
102900011023464
202205
238.9809999999996
102900011023464
202206
198.3969999999999
102900011023464
202207
172.49400000000003
102900011023464
202208
2.273
102900011023464
202209
3.177
102900011023464
202210
23.969
102900011023464
202211
47.125
102900011023464
202212
39.58600000000001
102900011023464
202301
95.59900000000003
102900011023464
202302
121.24900000000001
102900011023464
202303
221.36999999999975
102900011023464
202304
269.28100000000035
102900011023464
202305
312.9339999999987
102900011023464
202306
196.70199999999988
102900011023976
202302
61.26400000000004
102900011024010
202105
21.0
102900011026502
202106
6.32
102900011026618
202206
0.636
102900011026618
202306
9.876000000000001
102900011026793
202107
6.0
102900011026793
202109
2.0
102900011026793
202110
2.0
102900011027462
202107
54.90499999999999
102900011027479
202108
37.147
102900011027479
202109
9.886000000000005
102900011027479
202110
5.157
102900011027479
202112
1.9040000000000001
102900011027479
202201
0.732
102900011027479
202207
19.723
102900011027479
202211
4.2540000000000004
102900011027479
202301
40.24700000000003
102900011027479
202304
6.386
102900011027479
202305
0.128
102900011027615
202107
8.472
102900011028407
202109
29.953999999999994
102900011028407
202110
77.74799999999998
102900011029176
202111
16.143
102900011029176
202112
27.815000000000005
102900011029176
202201
1.892
102900011029275
202112
1.754
102900011029299
202206
1.161
102900011029299
202301
5.498000000000001
102900011029305
202202
1.7690000000000001
102900011029305
202207
13.868999999999994
102900011029305
202301
10.763
102900011029688
202111
2.8859999999999997
102900011030042
202112
35.0
102900011030042
202201
121.0
102900011030042
202202
101.0
102900011030059
202112
40.0
102900011030059
202201
180.0
102900011030059
202202
127.0
102900011030059
202203
221.0
102900011030059
202204
124.0
102900011030059
202206
1.0
102900011030059
202207
176.0
102900011030059
202208
1602.0
102900011030059
202209
1202.0
102900011030059
202210
1540.0
102900011030059
202211
764.0
102900011030059
202212
799.0
102900011030059
202301
969.0
102900011030059
202302
747.0
102900011030059
202303
916.0
102900011030059
202304
893.0
102900011030059
202305
995.0
102900011030059
202306
972.0
102900011030097
202112
59.0
102900011030097
202201
158.0
102900011030097
202202
116.0
102900011030097
202203
127.0
102900011030097
202204
152.0
102900011030097
202207
106.0
102900011030097
202208
1020.0
102900011030097
202209
785.0
102900011030097
202210
907.0
102900011030097
202211
249.0
102900011030097
202212
397.0
102900011030097
202301
638.0
102900011030097
202302
268.0
102900011030097
202303
471.0
102900011030097
202304
365.0
102900011030097
202305
496.0
102900011030097
202306
489.0
102900011030103
202112
33.0
102900011030103
202201
149.0
102900011030103
202202
176.0
102900011030103
202203
139.0
102900011030110
202112
37.0
102900011030110
202201
195.0
102900011030110
202202
230.0
102900011030110
202203
201.0
102900011030110
202204
167.0
102900011030110
202206
3.0
102900011030110
202207
35.0
102900011030110
202208
353.0
102900011030110
202209
408.0
102900011030110
202210
645.0
102900011030110
202211
362.0
102900011030110
202301
238.0
102900011030110
202302
401.0
102900011030110
202303
381.0
102900011030110
202304
412.0
102900011030110
202305
517.0
102900011030110
202306
349.0
102900011030134
202112
43.0
102900011030134
202201
87.0
102900011030134
202202
81.0
102900011030134
202203
90.0
102900011030134
202204
48.0
102900011030134
202206
11.0
102900011030134
202207
34.0
102900011030134
202208
213.0
102900011030134
202209
196.0
102900011030134
202210
160.0
102900011030134
202211
181.0
102900011030134
202212
183.0
102900011030134
202301
124.0
102900011030134
202302
5.0
102900011030134
202303
17.0
102900011030141
202112
46.0
102900011030141
202201
89.0
102900011030141
202202
131.0
102900011030141
202203
118.0
102900011030141
202204
86.0
102900011030141
202207
22.0
102900011030141
202208
523.0
102900011030141
202209
232.0
102900011030141
202210
254.0
102900011030141
202211
196.0
102900011030141
202212
219.0
102900011030141
202301
169.0
102900011030141
202302
91.0
102900011030158
202112
51.0
102900011030158
202201
155.0
102900011030158
202202
73.0
102900011030561
202112
3.0
102900011030561
202201
2.0
102900011030608
202112
2.0
102900011030608
202202
1.0
102900011030608
202203
6.0
102900011030608
202204
3.0
102900011030608
202205
1.0
102900011030608
202206
-1.0
102900011030608
202207
1.0
102900011030608
202208
4.0
102900011030608
202302
2.0
102900011030615
202112
2.0
102900011030615
202201
3.0
102900011030622
202112
4.0
102900011030639
202201
3.0
102900011030905
202208
2.0
102900011030905
202209
130.0
102900011030905
202210
36.0
102900011030905
202211
36.0
102900011030905
202212
14.0
102900011030905
202301
118.0
102900011030905
202302
51.0
102900011030905
202303
26.0
102900011030905
202304
3.0
102900011030912
202202
17.0
102900011030912
202206
7.0
102900011030912
202207
24.0
102900011030912
202208
190.0
102900011030912
202209
111.0
102900011030912
202210
176.0
102900011030912
202211
168.0
102900011030912
202212
185.0
102900011030912
202301
3.0
102900011030929
202207
43.0
102900011030929
202208
76.0
102900011030929
202209
56.0
102900011030929
202210
86.0
102900011030929
202211
44.0
102900011030929
202212
41.0
102900011030929
202301
57.0
102900011030929
202302
37.0
102900011031100
202112
87.0
102900011031100
202201
443.0
102900011031100
202202
423.0
102900011031100
202203
328.0
102900011031100
202204
246.0
102900011031100
202206
53.0
102900011031100
202207
378.0
102900011031100
202208
758.0
102900011031100
202209
555.0
102900011031100
202210
904.0
102900011031100
202211
578.0
102900011031100
202212
679.0
102900011031100
202301
1175.0
102900011031100
202302
755.0
102900011031100
202303
673.0
102900011031100
202304
592.0
102900011031100
202305
612.0
102900011031100
202306
643.0
102900011031216
202212
1.0
102900011031216
202302
9.0
102900011031216
202303
7.0
102900011031216
202304
3.0
102900011031216
202305
1.0
102900011031582
202201
2.0
102900011031582
202202
15.0
102900011031582
202203
63.0
102900011031582
202204
74.0
102900011031582
202207
59.0
102900011031582
202208
112.0
102900011031582
202209
143.0
102900011031582
202210
138.0
102900011031582
202211
65.0
102900011031582
202301
10.0
102900011031599
202201
60.0
102900011031599
202202
12.0
102900011031735
202201
14.0
102900011031735
202202
3.0
102900011031742
202201
17.0
102900011031759
202202
7.0
102900011031841
202209
1.0
102900011031841
202211
1.0
102900011031858
202208
1.0
102900011031926
202201
28.0
102900011031926
202202
58.0
102900011031926
202210
89.0
102900011031926
202211
70.0
102900011031926
202212
109.0
102900011031926
202301
196.0
102900011031926
202302
94.0
102900011031926
202303
85.0
102900011031926
202304
71.0
102900011031926
202305
71.0
102900011031926
202306
78.0
102900011031995
202201
1.0
102900011031995
202202
18.0
102900011031995
202207
23.0
102900011031995
202208
137.0
102900011031995
202209
126.0
102900011031995
202210
78.0
102900011031995
202211
10.0
102900011032022
202201
76.0
102900011032022
202202
147.0
102900011032022
202203
159.0
102900011032022
202204
49.0
102900011032022
202205
6.0
102900011032022
202206
16.0
102900011032022
202207
151.0
102900011032022
202208
623.0
102900011032022
202209
382.0
102900011032022
202210
335.0
102900011032022
202211
274.0
102900011032022
202212
348.0
102900011032022
202301
319.0
102900011032022
202302
246.0
102900011032022
202303
244.0
102900011032022
202304
339.0
102900011032022
202305
170.0
102900011032022
202306
368.0
102900011032114
202202
12.0
102900011032176
202203
9.0
102900011032176
202204
19.0
102900011032176
202206
4.0
102900011032176
202207
1.0
102900011032206
202202
9.0
102900011032206
202203
70.0
102900011032206
202204
50.0
102900011032206
202206
1.0
102900011032206
202207
50.0
102900011032206
202208
153.0
102900011032206
202209
20.0
102900011032213
202202
8.0
102900011032213
202203
66.0
102900011032213
202204
33.0
102900011032213
202207
57.0
102900011032213
202208
80.0
102900011032213
202209
119.0
102900011032213
202210
66.0
102900011032213
202211
39.0
102900011032213
202212
32.0
102900011032213
202301
30.0
102900011032220
202202
36.0
102900011032220
202203
71.0
102900011032220
202204
33.0
102900011032220
202206
6.0
102900011032220
202207
34.0
102900011032220
202208
6.0
102900011032237
202202
7.0
102900011032237
202203
30.0
102900011032237
202204
68.0
102900011032237
202205
5.0
102900011032237
202207
120.0
102900011032237
202208
364.0
102900011032237
202209
233.0
102900011032237
202210
69.0
102900011032237
202211
142.0
102900011032237
202212
97.0
102900011032237
202301
220.0
102900011032237
202302
273.0
102900011032237
202303
227.0
102900011032237
202304
168.0
102900011032237
202305
37.0
102900011032237
202306
17.0
102900011032244
202202
25.0
102900011032244
202203
30.0
102900011032244
202204
36.0
102900011032244
202207
36.0
102900011032244
202208
121.0
102900011032244
202209
72.0
102900011032244
202210
98.0
102900011032244
202211
76.0
102900011032244
202212
47.0
102900011032244
202301
96.0
102900011032244
202302
94.0
102900011032244
202303
6.0
102900011032251
202202
16.0
102900011032251
202203
40.0
102900011032251
202204
102.0
102900011032251
202207
27.0
102900011032251
202208
351.0
102900011032251
202209
502.0
102900011032251
202210
760.0
102900011032251
202211
589.0
102900011032251
202212
849.0
102900011032251
202301
685.0
102900011032251
202302
857.0
102900011032251
202303
1040.0
102900011032251
202304
545.0
102900011032251
202305
356.0
102900011032251
202306
368.0
102900011032282
202201
5.0
102900011032282
202202
30.0
102900011032343
202203
4.1450000000000005
102900011032343
202204
10.398999999999997
102900011032343
202205
1.159
102900011032343
202207
9.666000000000002
102900011032343
202208
20.430999999999997
102900011032343
202209
13.071999999999997
102900011032343
202210
11.652999999999999
102900011032343
202211
1.122
102900011032343
202301
27.858999999999995
102900011032343
202302
24.267000000000007
102900011032343
202303
47.181999999999995
102900011032343
202304
46.56799999999999
102900011032343
202305
44.173999999999964
102900011032343
202306
51.934999999999974
102900011032350
202202
5.166999999999999
102900011032350
202203
17.093999999999998
102900011032350
202204
9.254
102900011032350
202212
7.425
102900011032350
202301
22.770999999999997
102900011032350
202302
11.462999999999997
102900011032367
202202
5.960999999999999
102900011032367
202203
16.529000000000003
102900011032367
202204
9.31
102900011032367
202206
5.676
102900011032367
202207
7.183000000000001
102900011032367
202208
38.08299999999999
102900011032367
202209
29.586999999999996
102900011032367
202210
11.799
102900011032367
202211
8.199
102900011032367
202212
0.167
102900011032367
202301
33.47200000000001
102900011032367
202302
17.366
102900011032480
202303
0.6829999999999999
102900011032589
202203
6.724000000000002
102900011032589
202204
19.02599999999999
102900011032619
202203
2.751
102900011032619
202208
72.38699999999997
102900011032619
202209
147.11899999999983
102900011032619
202210
158.098
102900011032619
202211
0.251
102900011032619
202212
0.254
102900011032626
202203
8.646
102900011032626
202204
11.248999999999999
102900011032626
202205
0.358
102900011032633
202203
11.470999999999998
102900011032633
202204
22.187
102900011032640
202203
2.489
102900011032640
202204
4.981
102900011032732
202203
11.492000000000003
102900011032732
202204
12.707999999999998
102900011032732
202207
2.194
102900011032732
202208
111.43700000000008
102900011032732
202209
77.48299999999993
102900011032732
202210
36.083000000000006
102900011032732
202211
22.809
102900011032732
202212
8.590000000000003
102900011032732
202301
15.639000000000001
102900011032732
202305
0.954
102900011032732
202306
8.744000000000002
102900011032787
202203
31.0
102900011032787
202204
81.0
102900011032787
202206
7.0
102900011032787
202207
91.0
102900011032787
202208
638.0
102900011032787
202209
30.0
102900011032848
202203
38.0
102900011032848
202204
68.0
102900011032848
202207
41.0
102900011032848
202208
102.0
102900011032848
202209
113.0
102900011032848
202210
141.0
102900011032848
202211
114.0
102900011032848
202212
151.0
102900011032848
202301
101.0
102900011032848
202302
65.0
102900011032848
202303
114.0
102900011032848
202304
149.0
102900011032848
202305
211.0
102900011032848
202306
211.0
102900011033081
202203
7.381
102900011033081
202204
16.974
102900011033081
202205
0.641
102900011033173
202204
1.572
102900011033173
202205
5.447000000000001
102900011033173
202305
2.281
102900011033234
202203
6.0
102900011033234
202204
17.0
102900011033234
202207
40.0
102900011033234
202208
460.0
102900011033234
202209
49.0
102900011033241
202204
19.0
102900011033241
202209
31.0
102900011033531
202204
72.76599999999998
102900011033906
202206
1.519
102900011033906
202207
447.1250000000005
102900011033906
202208
819.0479999999997
102900011033906
202209
254.8319999999999
102900011033906
202210
618.3620000000003
102900011033906
202211
922.8189999999995
102900011033906
202212
1552.1810000000014
102900011033906
202301
1252.9169999999995
102900011033906
202302
495.7760000000003
102900011033913
202204
27.493000000000002
102900011033920
202206
16.894
102900011033920
202207
307.3910000000002
102900011033920
202208
309.00199999999984
102900011033920
202209
214.34099999999998
102900011033920
202210
314.0529999999995
102900011033920
202211
275.08
102900011033920
202212
185.52
102900011033920
202301
27.342999999999993
102900011033920
202305
18.326999999999998
102900011033920
202306
55.762
102900011033937
202204
17.947999999999997
102900011033937
202207
66.097
102900011033937
202208
154.4989999999999
102900011033937
202209
78.37499999999994
102900011033937
202210
20.949999999999992
102900011033937
202211
1.447
102900011033937
202212
5.119999999999999
102900011033944
202204
13.931000000000004
102900011033944
202207
23.27000000000001
102900011033944
202208
93.29599999999994
102900011033944
202209
95.418
102900011033944
202210
82.61999999999999
102900011033944
202211
54.857999999999954
102900011033944
202212
90.28999999999994
102900011033944
202301
123.82900000000008
102900011033944
202302
81.95699999999992
102900011033944
202303
111.04900000000009
102900011033944
202304
82.70299999999993
102900011033944
202305
57.455
102900011033968
202204
8.411999999999999
102900011033975
202207
5.1690000000000005
102900011033975
202208
148.76100000000034
102900011033975
202209
22.327000000000012
102900011033975
202210
0.402
102900011033975
202211
0.402
102900011033975
202212
1.9149999999999998
102900011033975
202301
5.1499999999999995
102900011033982
202208
214.73400000000018
102900011033982
202209
59.841999999999956
102900011033982
202210
0.347
102900011033982
202305
1.674
102900011033982
202306
11.156000000000002
102900011033999
202209
4.981000000000001
102900011034026
202206
25.295
102900011034026
202207
304.32200000000006
102900011034026
202208
708.548000000001
102900011034026
202209
618.2909999999991
102900011034026
202210
579.361000000003
102900011034026
202211
563.221
102900011034026
202212
529.3360000000017
102900011034026
202301
472.38400000000007
102900011034026
202302
298.5739999999993
102900011034026
202303
311.20999999999975
102900011034026
202304
228.75999999999982
102900011034026
202305
334.88699999999955
102900011034026
202306
88.22300000000003
102900011034200
202204
21.0
102900011034200
202206
6.0
102900011034200
202207
1.0
102900011034200
202208
211.0
102900011034200
202209
34.0
102900011034200
202210
29.0
102900011034217
202204
3.0
102900011034217
202207
16.0
102900011034217
202208
164.0
102900011034217
202209
67.0
102900011034224
202204
34.0
102900011034224
202207
79.0
102900011034224
202208
675.0
102900011034224
202209
732.0
102900011034224
202210
598.0
102900011034224
202211
304.0
102900011034224
202212
392.0
102900011034224
202301
487.0
102900011034224
202302
131.0
102900011034231
202204
18.0
102900011034231
202207
54.0
102900011034231
202208
585.0
102900011034231
202209
677.0
102900011034231
202210
920.0
102900011034231
202211
402.0
102900011034231
202212
342.0
102900011034231
202301
242.0
102900011034231
202302
506.0
102900011034231
202303
1027.0
102900011034231
202304
892.0
102900011034231
202305
247.0
102900011034262
202206
2.0
102900011034262
202207
81.0
102900011034262
202208
4.0
102900011034316
202205
14.909999999999998
102900011034323
202206
0.4799999999999999
102900011034330
202205
37.0
102900011034330
202206
273.0
102900011034330
202207
273.0
102900011034330
202208
133.0
102900011034330
202209
179.0
102900011034330
202210
6.0
102900011034330
202212
339.0
102900011034330
202301
483.0
102900011034330
202302
372.0
102900011034330
202303
343.0
102900011034330
202304
289.0
102900011034330
202305
355.0
102900011034330
202306
303.0
102900011034354
202205
37.0
102900011034354
202206
163.0
102900011034439
202207
2.0
102900011034439
202208
203.0
102900011034439
202209
112.0
102900011034439
202210
140.0
102900011034439
202211
46.0
102900011034439
202212
20.0
102900011034439
202301
87.0
102900011034439
202302
136.0
102900011034439
202303
154.0
102900011034439
202304
120.0
102900011034439
202305
62.0
102900011034439
202306
56.0
102900011034538
202301
1.0
102900011034538
202302
2.0
102900011034569
202207
9.0
102900011034569
202208
14.0
102900011034569
202209
1.0
102900011034705
202301
3.0
102900011035078
202208
29.322000000000013
102900011035078
202209
51.516999999999996
102900011035078
202210
65.40700000000001
102900011035078
202211
37.95300000000001
102900011035078
202212
30.619000000000018
102900011035078
202301
57.025999999999996
102900011035078
202302
104.12600000000002
102900011035078
202303
109.98100000000001
102900011035078
202304
63.18100000000001
102900011035078
202305
70.9450000000001
102900011035078
202306
59.85800000000004
102900011035481
202209
83.0
102900011035481
202210
6.0
102900011035511
202209
86.71000000000001
102900011035511
202210
81.09199999999998
102900011035511
202211
6.418
102900011035511
202212
76.063
102900011035511
202301
111.19300000000003
102900011035740
202302
73.0
102900011035740
202303
44.0
102900011035740
202304
40.0
102900011035740
202305
33.0
102900011035740
202306
22.0
102900011035764
202210
50.754999999999995
102900011035764
202211
42.38
102900011035764
202212
51.05699999999998
102900011035764
202301
18.551999999999996
102900011035764
202302
5.456
102900011035771
202210
53.45600000000002
102900011035771
202211
38.59800000000001
102900011035771
202212
44.25200000000002
102900011035771
202301
10.515999999999998
102900011035788
202210
107.0
102900011035788
202211
95.0
102900011035788
202212
52.0
102900011035788
202301
71.0
102900011035788
202302
44.0
102900011035849
202303
8.668
102900011035849
202304
7.87
102900011035962
202211
11.397999999999998
102900011036068
202212
8.0
102900011036242
202302
2.0
102900011036242
202303
34.0
102900011036242
202304
4.0
102900011036266
202302
3.0
102900011036686
202305
5.0
102900011036686
202306
11.0
102900051000463
202008
15.558
102900051000463
202009
176.28999999999988
102900051000463
202010
175.21300000000048
102900051000463
202011
55.449
102900051000463
202012
28.216
102900051000463
202102
31.232999999999997
102900051000463
202103
32.257
102900051000463
202104
33.015
102900051000463
202105
58.50000000000004
102900051000463
202106
62.02300000000002
102900051000463
202107
50.458
102900051000463
202108
62.818999999999974
102900051000463
202109
49.80599999999998
102900051000463
202110
31.618
102900051000463
202111
10.100999999999999
102900051000463
202112
4.507
102900051000463
202201
25.271
102900051000463
202202
8.456999999999999
102900051000463
202203
2.714
102900051000463
202204
1.8130000000000002
102900051000463
202205
5.741
102900051000463
202206
4.5409999999999995
102900051000463
202207
1.896
102900051000463
202302
9.982
102900051000463
202303
18.148999999999997
102900051000463
202304
35.55899999999999
102900051000463
202305
16.941000000000003
102900051000463
202306
38.76999999999999
102900051000890
202107
0.671
102900051000944
202007
14.117999999999999
102900051000944
202008
33.80399999999999
102900051000944
202009
1.204
102900051000944
202105
5.0
102900051000944
202106
34.74199999999999
102900051000944
202107
51.16100000000002
102900051000944
202108
10.273000000000003
102900051000944
202205
21.606999999999996
102900051000944
202206
100.2619999999999
102900051000944
202207
157.95299999999995
102900051000944
202208
90.73199999999997
102900051000944
202304
3.7399999999999998
102900051000944
202305
69.77699999999997
102900051000944
202306
127.01100000000002
102900051004294
202007
142.24499999999983
102900051004294
202008
149.89399999999952
102900051004294
202009
114.20399999999992
102900051004294
202010
136.2519999999998
102900051004294
202011
90.88799999999999
102900051004294
202012
83.68000000000006
102900051004294
202101
111.57799999999978
102900051004294
202102
135.6779999999999
102900051004294
202103
64.93100000000005
102900051004294
202104
95.88799999999992
102900051004294
202105
118.15299999999995
102900051004294
202106
81.65600000000009
102900051004294
202107
54.812000000000104
102900051004294
202108
104.127
102900051004294
202109
78.7350000000001
102900051004294
202110
84.79099999999995
102900051004294
202111
38.85899999999999
102900051004294
202112
46.924999999999976
102900051004294
202201
96.68800000000005
102900051004294
202202
57.65300000000001
102900051004294
202203
30.249999999999993
102900051004294
202204
30.235999999999983
102900051004294
202205
72.43900000000008
102900051004294
202206
56.468
102900051004294
202207
31.208
102900051004294
202212
3.9780000000000006
102900051004294
202301
100.72700000000009
102900051006229
202112
10.431999999999999
102900051006229
202201
8.182
102900051009220
202102
4.345000000000001
102900051009220
202103
16.871
102900051009220
202104
19.51
102900051009336
202008
0.399
102900051009336
202009
5.278
102900051009336
202010
7.870000000000001
102900051009336
202012
0.513
102900051009336
202101
1.003
102900051009336
202102
0.336
102900051009336
202103
2.2969999999999997
102900051009336
202104
4.665000000000001
102900051009336
202105
2.5109999999999997
102900051009336
202106
5.976000000000001
102900051009336
202107
3.117
102900051009336
202303
4.156
102900051009336
202306
0.182
102900051010455
202007
466.23699999999997
102900051010455
202008
1079.9369999999983
102900051010455
202009
646.6680000000002
102900051010455
202010
228.93300000000008
102900051010455
202011
121.415
102900051010455
202012
145.2550000000001
102900051010455
202101
158.02000000000007
102900051010455
202102
139.27299999999983
102900051010455
202103
183.58799999999977
102900051010455
202104
274.94499999999965
102900051010455
202105
311.7059999999997
102900051010455
202106
213.60699999999989
102900051010455
202107
406.2310000000001
102900051010455
202108
593.1960000000014
102900051010455
202109
268.1829999999999
102900051010455
202110
128.364
102900051010455
202111
58.102999999999994
102900051010455
202112
35.19699999999999
102900051010455
202201
71.58599999999998
102900051010455
202202
75.357
102900051010455
202203
86.84800000000004
102900051010455
202204
108.77500000000006
102900051010455
202205
160.07000000000008
102900051010455
202206
234.10000000000008
102900051010455
202207
428.9949999999999
102900051010455
202208
428.7840000000004
102900051010455
202209
250.43899999999962
102900051010455
202210
202.3180000000002
102900051010455
202302
25.423999999999996
102900051010455
202303
102.85200000000009
102900051010455
202304
150.42200000000014
102900051010455
202305
14.951
102900051010455
202306
1.647
102900051010790
202102
3.37
102900051010790
202103
4.201999999999999
102900051010790
202104
10.836999999999996
102900051010790
202105
1.9969999999999994
102900051010790
202106
1.237
102900051010790
202107
0.293
102900051010790
202110
2.5029999999999997
102900051010790
202111
0.504
102900051010790
202112
0.9349999999999999
102900051010790
202210
0.33599999999999997
102900051010790
202305
0.6669999999999999
106930274220092
202012
8.0
106930274220092
202101
67.0
106930274220092
202102
217.0
106930274220092
202103
61.0
106930274220092
202104
45.0
106930274220092
202105
1.0
106930274620090
202212
93.0
106930274620090
202301
382.0
106930274620090
202302
162.0
106931885000035
202010
4.0
106931885000035
202011
1.0
106931885000035
202104
2.0
106931885000356
202204
2.0
106949711300068
202012
291.0
106949711300068
202101
405.0
106949711300068
202102
624.0
106949711300068
202103
502.0
106949711300068
202104
174.0
106949711300068
202105
151.0
106949711300068
202106
98.0
106949711300068
202107
83.0
106949711300068
202108
176.0
106949711300068
202109
218.0
106949711300167
202110
556.0
106949711300167
202111
518.0
106949711300167
202112
694.0
106949711300167
202201
224.0
106949711300167
202202
104.0
106949711300167
202203
217.0
106949711300167
202204
223.0
106949711300167
202205
81.0
106949711300167
202209
139.0
106949711300259
202201
359.0
106949711300259
202202
294.0
106949711300259
202205
245.0
106949711300259
202206
302.0
106949711300259
202207
543.0
106949711300259
202208
582.0
106949711300259
202209
401.0
106949711300259
202210
2176.0
106949711300259
202211
1971.0
106949711300259
202212
1627.0
106949711300259
202301
1961.0
106949711300259
202302
814.0
106949711300259
202303
978.0
106949711300259
202304
868.0
106949711300259
202305
776.0
106949711300259
202306
516.0
106956146480197
202007
79.0
106956146480197
202008
92.0
106956146480197
202009
73.0
106956146480197
202105
1.0
106956146480203
202007
4.0
106956146480203
202012
39.0
106956146480203
202101
15.0
106956146480203
202111
1.0
106956146480203
202201
18.0
106956146480203
202202
18.0
106957634300010
202201
63.0
106957634300010
202202
102.0
106957634300010
202203
2.0
106957634300058
202201
29.0
106957634300058
202202
43.0
106957634300058
202203
6.0
106958851400125
202012
14.0
106958851400125
202101
273.0
106958851400125
202102
404.0
106958851400125
202103
365.0
106958851400125
202104
132.0
106958851400125
202105
78.0
106958851400125
202106
70.0
106958851400125
202107
74.0
106958851400125
202108
126.0
106958851400125
202109
145.0
106958851400125
202110
202.0
106958851400125
202112
169.0
106958851400125
202201
85.0
106971533450003
202110
87.0
106971533450003
202111
219.0
106971533450003
202112
30.0
106971533450003
202304
103.0
106971533450003
202305
318.0
106971533450003
202306
253.0
106971533455008
202201
201.0
106971533455008
202202
227.0
106971533455008
202203
168.0
106971533455008
202204
165.0
106971533455008
202205
95.0
106971533455008
202206
172.0
106971533455008
202207
39.0
106971533455008
202208
11.0
106971533455008
202211
2.0
106971533455008
202302
81.0
106971533455008
202303
253.0
106971533455008
202304
167.0
106971563780002
202205
8.0
106972776821582
202305
27.0
106972776821582
202306
97.0
106973223300667
202102
1.0
