102900005115168
202010
0
102900005115199
202011
0.226
102900005115199
202203
47.25299999999999
102900005115199
202204
10.0
102900005115199
202303
5.772000000000001
102900005115199
202304
1.5159999999999998
102900005115250
202101
0.417
102900005115250
202102
13.926999999999998
102900005115250
202209
1.153
102900005115762
202007
9.107000000000001
102900005115762
202008
11.919000000000002
102900005115762
202009
0.738
102900005115762
202103
0.489
102900005115762
202104
14.081000000000001
102900005115762
202105
6.106000000000001
102900005115762
202107
0.718
102900005115762
202206
9.3
102900005115779
202007
59.02300000000004
102900005115779
202008
0.718
102900005115779
202102
23.435000000000002
102900005115779
202106
1.504
102900005115779
202107
195.0839999999997
102900005115779
202108
2.325
102900005115779
202109
193.43300000000016
102900005115779
202110
13.444
102900005115779
202111
88.64100000000002
102900005115779
202205
109.34900000000009
102900005115779
202304
0.89
102900005115786
202007
44.260999999999996
102900005115786
202008
5.311999999999999
102900005115786
202009
9.045
102900005115786
202104
6.575
102900005115786
202105
29.579000000000004
102900005115786
202106
0.847
102900005115786
202108
0.952
102900005115786
202304
0.319
102900005115793
202007
10.343999999999998
102900005115793
202009
2.0229999999999997
102900005115793
202011
1.45
102900005115793
202105
2.4539999999999997
102900005115793
202106
0.359
102900005115793
202108
0.758
102900005115793
202301
0.727
102900005115823
202007
24.043999999999997
102900005115823
202008
51.130999999999986
102900005115823
202009
13.499999999999996
102900005115823
202102
10.913
102900005115823
202106
0.803
102900005115823
202107
0.134
102900005115823
202108
0.806
102900005115823
202112
1.5750000000000002
102900005115861
202009
1.04
102900005115861
202012
14.602
102900005115861
202101
0.471
102900005115878
202009
0.831
102900005115878
202011
12.201000000000002
102900005115878
202012
2.889
102900005115878
202110
40.75200000000001
102900005115878
202112
0.8330000000000001
102900005115878
202201
0.9059999999999999
102900005115878
202203
1.7
102900005115885
202009
0.868
102900005115885
202102
0.652
102900005115885
202104
2.9749999999999996
102900005115885
202209
6.577
102900005115885
202304
8.312999999999999
102900005115908
202007
25.074999999999996
102900005115908
202008
45.41100000000001
102900005115908
202009
18.917000000000005
102900005115908
202010
46.733000000000025
102900005115908
202011
1.583
102900005115908
202102
2.566
102900005115908
202104
4.248
102900005115908
202304
3.968
102900005115908
202305
3.4179999999999993
102900005115946
202007
7.322000000000001
102900005115946
202304
13.551000000000005
102900005115946
202305
15.491
102900005115946
202306
27.886999999999983
102900005115960
202007
45.81999999999999
102900005115960
202008
1.089
102900005115960
202102
20.152
102900005115960
202103
2.7279999999999998
102900005115960
202106
0.336
102900005115960
202108
0.867
102900005115960
202109
146.62899999999996
102900005115960
202110
119.29100000000003
102900005115984
202007
81.64499999999994
102900005115984
202008
5.874
102900005115984
202012
0.301
102900005115984
202102
20.57
102900005115984
202107
0.502
102900005115984
202108
5.068
102900005115984
202109
156.0299999999999
102900005115984
202110
22.433000000000003
102900005115984
202112
12.140000000000004
102900005116219
202007
5.277000000000001
102900005116226
202108
0.741
102900005116233
202007
9.175
102900005116233
202008
0.651
102900005116233
202303
0.759
102900005116257
202007
43.21700000000001
102900005116257
202008
0.476
102900005116257
202009
1.603
102900005116257
202104
6.7219999999999995
102900005116257
202105
8.384
102900005116257
202106
1.161
102900005116257
202108
72.26400000000005
102900005116257
202109
147.64499999999975
102900005116257
202112
44.91799999999998
102900005116257
202205
182.78799999999987
102900005116257
202208
0.358
102900005116509
202007
39.875000000000014
102900005116509
202008
2.1239999999999997
102900005116509
202106
1.6669999999999998
102900005116509
202107
0.556
102900005116509
202108
0.515
102900005116509
202211
0.862
102900005116530
202007
42.23399999999999
102900005116530
202008
0.7070000000000001
102900005116530
202009
2.107
102900005116530
202012
32.772999999999996
102900005116530
202103
20.600000000000005
102900005116530
202104
2.9710000000000005
102900005116530
202105
0.40700000000000003
102900005116530
202106
0.482
102900005116530
202107
0.133
102900005116530
202108
283.59800000000007
102900005116530
202109
172.79900000000018
102900005116530
202110
162.818
102900005116530
202111
101.53999999999994
102900005116530
202112
53.09500000000004
102900005116530
202202
10.484999999999998
102900005116530
202206
27.353000000000012
102900005116530
202207
79.452
102900005116530
202209
7.712000000000001
102900005116547
202007
27.315000000000005
102900005116547
202108
0.923
102900005116639
202303
0.623
102900005116639
202304
2.6020000000000003
102900005116639
202305
3.644
102900005116639
202306
1.284
102900005116714
202007
56.77200000000002
102900005116714
202008
48.64300000000003
102900005116714
202009
24.016999999999996
102900005116714
202010
32.406000000000006
102900005116714
202012
4.649
102900005116714
202101
31.269999999999985
102900005116714
202106
28.098000000000003
102900005116714
202107
147.875
102900005116714
202108
124.29500000000006
102900005116714
202109
112.186
102900005116714
202110
82.21199999999996
102900005116714
202111
128.07899999999998
102900005116714
202203
159.77399999999997
102900005116714
202204
57.477
102900005116714
202205
69.91200000000002
102900005116714
202207
0.459
102900005116714
202208
1.646
102900005116714
202306
0.343
102900005116790
202007
1.028
102900005116790
202108
34.183000000000014
102900005116790
202110
191.421
102900005116837
202011
1.9100000000000001
102900005116837
202103
4.386
102900005116837
202112
30.368999999999996
102900005116899
202007
20.631999999999998
102900005116899
202008
8.212000000000002
102900005116899
202009
14.172
102900005116899
202010
95.602
102900005116899
202011
87.23700000000005
102900005116899
202012
174.2050000000001
102900005116899
202101
11.675
102900005116899
202102
49.594999999999985
102900005116899
202104
5.077
102900005116899
202107
59.54200000000001
102900005116899
202108
425.5079999999997
102900005116899
202109
9.096
102900005116899
202110
818.2219999999987
102900005116899
202111
765.9360000000011
102900005116899
202112
11.897
102900005116899
202207
145.76599999999996
102900005116899
202208
0.895
102900005116899
202210
4.548
102900005116899
202306
25.664999999999996
102900005116912
202007
2.6740000000000004
102900005116912
202008
0.265
102900005116912
202106
0.1
102900005116912
202107
0.215
102900005116943
202007
2.929
102900005116943
202302
0.219
102900005116943
202303
0.207
102900005117056
202007
77.75200000000002
102900005117056
202008
1.035
102900005117056
202009
10.014
102900005117056
202101
127.04299999999992
102900005117209
202007
2.1950000000000003
102900005117209
202302
0.391
102900005117209
202303
0.967
102900005118572
202105
4.85
102900005118817
202008
1.9180000000000001
102900005118817
202009
1.034
102900005118817
202010
3.058
102900005118817
202011
2.875
102900005118817
202012
8.797
102900005118817
202101
0.853
102900005118817
202106
0.201
102900005118824
202007
9.224
102900005118824
202107
0.363
102900005118824
202303
8.155
102900005118824
202304
4.3469999999999995
102900005118824
202306
27.411999999999995
102900005118831
202007
82.0
102900005118831
202008
14.0
102900005118831
202011
1.0
102900005118831
202102
9.0
102900005118831
202103
2.0
102900005118831
202104
4.0
102900005118831
202108
52.0
102900005118831
202112
18.0
102900005118831
202210
2.0
102900005118831
202211
152.0
102900005118831
202212
43.0
102900005118831
202301
93.0
102900005118831
202302
45.0
102900005118831
202303
51.0
102900005118831
202304
23.0
102900005118831
202305
27.0
102900005118831
202306
26.0
102900005119098
202009
5.216
102900005119098
202010
0.613
102900005119098
202012
25.86499999999999
102900005119098
202101
7.205000000000001
102900005119098
202102
3.5100000000000002
102900005119098
202104
11.187999999999999
102900005119098
202105
21.410999999999994
102900005119098
202106
26.170000000000012
102900005119098
202107
8.474
102900005119098
202108
0.135
102900005119104
202203
2.0
102900005119104
202210
1.0
102900005119944
202007
4.941
102900005119944
202106
0.125
102900005119944
202107
0.207
102900005119975
202007
118.56500000000001
102900005119975
202008
12.214
102900005119975
202009
5.606
102900005119975
202104
1.736
102900005119975
202205
55.60899999999999
102900005119975
202207
3.367
102900005119975
202304
1.18
102900005122654
202012
1.75
102900005122654
202101
54.12800000000001
102900005122654
202111
4.436999999999999
102900005122654
202210
0.855
102900005123880
202007
3.006
102900005123880
202008
0.276
102900005123880
202304
0.192
102900005125808
202007
4.667000000000002
102900005125808
202008
0.093
102900005125808
202106
0.42100000000000004
102900005125808
202108
0.14
102900005125808
202109
0.078
102900005125815
202007
30.43400000000001
102900005125815
202008
2.7780000000000005
102900005125815
202107
1.974
102900005125815
202108
0.138
102900005125815
202303
1.823
102900005128748
202305
0.308
102900011000175
202008
1.589
102900011000328
202007
34.86300000000001
102900011000328
202008
1.2650000000000001
102900011000328
202012
0.252
102900011000328
202102
7.392999999999999
102900011000328
202105
0.134
102900011000328
202106
1.231
102900011000328
202107
4.804
102900011000328
202112
16.216
102900011000328
202302
25.698999999999995
102900011000328
202303
1.383
102900011000571
202012
0.8
102900011001219
202007
3.1719999999999997
102900011001219
202008
0.35
102900011001219
202303
0.586
102900011001561
202007
4.0
102900011001561
202207
3.0
102900011001691
202008
0.777
102900011001691
202107
3.6999999999999993
102900011001691
202305
0.992
102900011001806
202007
6.0
102900011001806
202108
1.0
102900011001806
202207
1.0
102900011001806
202208
3.0
102900011001813
202007
2.0
102900011001813
202012
50.0
102900011006689
202007
3.259
102900011006689
202008
1.4220000000000002
102900011006689
202106
0.542
102900011006948
202007
0.8190000000000001
102900011006948
202008
0.529
102900011007044
202207
1.0
102900011007044
202209
1.0
102900011007044
202210
2.0
102900011007044
202301
6.0
102900011007044
202302
19.0
102900011007044
202303
11.0
102900011007044
202304
6.0
102900011007464
202211
0.427
102900011007464
202212
0.1
102900011007464
202301
0.086
102900011007464
202302
0.33699999999999997
102900011007471
202304
0.523
102900011007471
202305
0.272
102900011007471
202306
0.144
102900011007495
202303
0.44500000000000006
102900011008164
202010
1.3820000000000001
102900011008164
202011
1.232
102900011008164
202104
10.834
102900011008164
202105
3.3
102900011008164
202108
0.316
102900011008164
202211
21.57
102900011008164
202302
2.5119999999999996
102900011008164
202303
0.7769999999999999
102900011008485
202106
5.033000000000001
102900011008492
202107
6.234
102900011008515
202302
1.79
102900011008515
202303
2.2510000000000003
102900011008515
202304
0.47700000000000004
102900011008522
202007
64.119
102900011008522
202009
11.639
102900011008522
202108
169.43399999999988
102900011008522
202208
2.827
102900011008522
202209
17.444
102900011008522
202210
3.254
102900011008676
202011
1.3250000000000002
102900011008676
202012
1.8339999999999999
102900011008676
202302
1.022
102900011009277
202012
19.964
102900011009277
202112
49.15000000000002
102900011009444
202007
27.246
102900011009444
202008
0.551
102900011009970
202007
56.51100000000002
102900011009970
202008
1.128
102900011009970
202009
1.132
102900011009970
202102
4.915000000000001
102900011009970
202104
16.942000000000004
102900011009970
202107
77.79600000000002
102900011009970
202108
202.46399999999997
102900011009970
202209
1.5970000000000002
102900011009970
202302
30.795
102900011010891
202303
2.689
102900011010891
202304
7.962
102900011011058
202305
0.638
102900011011546
202007
4.0
102900011011546
202010
1.0
102900011012482
202211
11.0
102900011012482
202212
2.0
102900011012482
202301
9.0
102900011012482
202302
2.0
102900011012871
202009
0.14
102900011012994
202302
3.0
102900011013274
202012
6.0
102900011013274
202204
2.0
102900011013274
202206
3.0
102900011013274
202207
16.0
102900011013274
202208
5.0
102900011013274
202209
9.0
102900011013274
202210
3.0
102900011013274
202211
4.0
102900011013274
202212
7.0
102900011013274
202301
5.0
102900011013274
202302
17.0
102900011013274
202303
23.0
102900011013274
202304
26.0
102900011013274
202305
3.0
102900011013274
202306
4.0
102900011016701
202102
40.717999999999996
102900011016701
202103
0.021
102900011016701
202104
56.882999999999974
102900011016701
202105
11.033000000000003
102900011016701
202106
1.046
102900011016701
202108
201.36399999999986
102900011016701
202109
107.84300000000003
102900011016701
202111
55.081000000000046
102900011016701
202112
0.43899999999999995
102900011016701
202203
5.0
102900011016701
202208
1.451
102900011016701
202305
9.280000000000001
102900011021644
202201
2.0
102900011021644
202211
15.0
102900011021842
202201
40.0
102900011021842
202208
1.0
102900011021842
202209
74.0
102900011021842
202210
226.0
102900011021842
202211
15.0
102900011021842
202212
34.0
102900011021842
202301
62.0
102900011021842
202302
62.0
102900011021842
202303
21.0
102900011021842
202304
2.0
102900011022030
202106
4.0
102900011022764
202108
0.487
102900011023464
202212
0.474
102900011023464
202301
3.511
102900011023976
202302
0.957
102900011029299
202301
2.3540000000000005
102900011030042
202112
6.0
102900011030042
202201
39.0
102900011030042
202202
11.0
102900011030059
202112
5.0
102900011030059
202201
10.0
102900011030059
202203
27.0
102900011030059
202204
19.0
102900011030059
202206
1.0
102900011030059
202207
28.0
102900011030059
202208
141.0
102900011030059
202209
465.0
102900011030059
202210
336.0
102900011030059
202211
68.0
102900011030059
202212
65.0
102900011030059
202301
108.0
102900011030059
202302
148.0
102900011030059
202303
257.0
102900011030059
202304
180.0
102900011030059
202305
66.0
102900011030059
202306
133.0
102900011030097
202112
9.0
102900011030097
202201
66.0
102900011030097
202202
2.0
102900011030097
202203
28.0
102900011030097
202204
31.0
102900011030097
202207
40.0
102900011030097
202208
263.0
102900011030097
202209
367.0
102900011030097
202210
212.0
102900011030097
202211
46.0
102900011030097
202212
53.0
102900011030097
202301
36.0
102900011030097
202302
98.0
102900011030097
202303
236.0
102900011030097
202304
220.0
102900011030097
202305
147.0
102900011030097
202306
191.0
102900011030103
202112
8.0
102900011030103
202201
28.0
102900011030103
202202
23.0
102900011030103
202203
31.0
102900011030110
202112
8.0
102900011030110
202201
40.0
102900011030110
202202
50.0
102900011030110
202203
41.0
102900011030110
202204
38.0
102900011030110
202206
1.0
102900011030110
202207
20.0
102900011030110
202208
81.0
102900011030110
202209
132.0
102900011030110
202210
212.0
102900011030110
202211
44.0
102900011030110
202301
13.0
102900011030110
202302
73.0
102900011030110
202303
225.0
102900011030110
202304
171.0
102900011030110
202305
109.0
102900011030110
202306
150.0
102900011030134
202112
11.0
102900011030134
202201
26.0
102900011030134
202202
43.0
102900011030134
202203
26.0
102900011030134
202204
26.0
102900011030134
202207
10.0
102900011030134
202208
108.0
102900011030134
202209
111.0
102900011030134
202210
56.0
102900011030134
202211
42.0
102900011030134
202212
44.0
102900011030134
202301
56.0
102900011030134
202303
21.0
102900011030141
202112
11.0
102900011030141
202201
30.0
102900011030141
202202
40.0
102900011030141
202203
31.0
102900011030141
202204
59.0
102900011030141
202207
14.0
102900011030141
202208
224.0
102900011030141
202209
260.0
102900011030141
202210
115.0
102900011030141
202211
32.0
102900011030141
202212
21.0
102900011030141
202301
53.0
102900011030141
202302
4.0
102900011030158
202112
7.0
102900011030158
202201
10.0
102900011030400
202301
6.0
102900011030608
202112
2.0
102900011030608
202201
1.0
102900011030608
202202
6.0
102900011030608
202203
1.0
102900011030608
202204
1.0
102900011030608
202206
1.0
102900011030608
202207
1.0
102900011030608
202302
1.0
102900011030608
202303
1.0
102900011030615
202201
3.0
102900011030905
202209
12.0
102900011030905
202211
10.0
102900011030905
202212
2.0
102900011030905
202301
5.0
102900011030905
202302
15.0
102900011030905
202303
10.0
102900011030912
202202
17.0
102900011030912
202206
2.0
102900011030912
202207
33.0
102900011030912
202208
89.0
102900011030912
202209
40.0
102900011030912
202210
126.0
102900011030912
202211
85.0
102900011030912
202212
28.0
102900011030929
202207
18.0
102900011030929
202208
60.0
102900011030929
202209
39.0
102900011030929
202210
70.0
102900011030929
202211
50.0
102900011030929
202212
11.0
102900011030929
202301
32.0
102900011030929
202302
17.0
102900011030929
202306
4.0
102900011031100
202201
9.0
102900011031100
202202
48.0
102900011031100
202203
112.0
102900011031100
202204
61.0
102900011031100
202207
28.0
102900011031100
202208
105.0
102900011031100
202209
60.0
102900011031100
202210
93.0
102900011031100
202211
35.0
102900011031100
202212
6.0
102900011031100
202301
30.0
102900011031100
202302
44.0
102900011031100
202303
124.0
102900011031100
202304
136.0
102900011031100
202305
17.0
102900011031100
202306
43.0
102900011031216
202303
4.0
102900011031216
202304
2.0
102900011031216
202305
1.0
102900011031216
202306
1.0
102900011031582
202202
15.0
102900011031582
202203
40.0
102900011031582
202204
30.0
102900011031582
202207
19.0
102900011031582
202208
43.0
102900011031582
202209
38.0
102900011031582
202210
31.0
102900011031582
202211
33.0
102900011031582
202301
2.0
102900011031599
202201
29.0
102900011031599
202202
1.0
102900011031735
202201
2.0
102900011031841
202202
5.0
102900011031926
202210
41.0
102900011031926
202211
19.0
102900011031926
202212
2.0
102900011031926
202301
8.0
102900011031926
202302
15.0
102900011031926
202303
34.0
102900011031926
202304
28.0
102900011031926
202305
7.0
102900011031926
202306
3.0
102900011031995
202201
2.0
102900011031995
202202
4.0
102900011031995
202207
23.0
102900011031995
202208
89.0
102900011031995
202209
97.0
102900011031995
202210
64.0
102900011031995
202211
10.0
102900011032022
202201
2.0
102900011032022
202202
28.0
102900011032022
202203
21.0
102900011032022
202204
8.0
102900011032022
202206
3.0
102900011032022
202207
32.0
102900011032022
202208
98.0
102900011032022
202209
83.0
102900011032022
202210
149.0
102900011032022
202211
44.0
102900011032022
202212
61.0
102900011032022
202301
53.0
102900011032022
202302
71.0
102900011032022
202303
65.0
102900011032022
202304
83.0
102900011032022
202305
49.0
102900011032022
202306
73.0
102900011032176
202203
2.0
102900011032176
202204
2.0
102900011032176
202206
1.0
102900011032206
202202
2.0
102900011032206
202203
15.0
102900011032206
202204
22.0
102900011032206
202207
15.0
102900011032206
202208
44.0
102900011032206
202209
6.0
102900011032213
202202
3.0
102900011032213
202203
8.0
102900011032213
202204
13.0
102900011032213
202207
31.0
102900011032213
202208
41.0
102900011032213
202209
27.0
102900011032213
202210
23.0
102900011032213
202211
24.0
102900011032213
202212
4.0
102900011032213
202301
3.0
102900011032220
202202
19.0
102900011032220
202203
39.0
102900011032220
202204
21.0
102900011032220
202207
17.0
102900011032220
202208
1.0
102900011032237
202202
3.0
102900011032237
202203
18.0
102900011032237
202204
29.0
102900011032237
202207
17.0
102900011032237
202208
59.0
102900011032237
202209
33.0
102900011032237
202211
2.0
102900011032237
202301
7.0
102900011032237
202302
13.0
102900011032237
202303
21.0
102900011032237
202304
24.0
102900011032237
202305
4.0
102900011032244
202202
17.0
102900011032244
202203
32.0
102900011032244
202204
30.0
102900011032244
202207
13.0
102900011032244
202208
32.0
102900011032244
202209
16.0
102900011032244
202210
16.0
102900011032244
202211
24.0
102900011032244
202301
4.0
102900011032244
202302
9.0
102900011032244
202303
23.0
102900011032251
202202
1.0
102900011032251
202203
11.0
102900011032251
202204
46.0
102900011032251
202207
5.0
102900011032251
202208
123.0
102900011032251
202209
67.0
102900011032251
202210
159.0
102900011032251
202211
55.0
102900011032251
202212
42.0
102900011032251
202301
68.0
102900011032251
202302
75.0
102900011032251
202303
209.0
102900011032251
202304
181.0
102900011032251
202305
93.0
102900011032251
202306
13.0
102900011032282
202201
6.0
102900011032343
202204
0.37
102900011032343
202207
5.941
102900011032343
202208
19.485
102900011032343
202209
3.657
102900011032343
202210
3.5830000000000006
102900011032343
202302
1.5310000000000001
102900011032343
202303
3.023
102900011032343
202304
6.508000000000001
102900011032343
202305
4.28
102900011032343
202306
8.023
102900011032350
202203
0.866
102900011032350
202204
0.9149999999999999
102900011032350
202212
0.538
102900011032350
202301
0.708
102900011032350
202302
0.395
102900011032367
202204
1.51
102900011032367
202207
4.045999999999999
102900011032367
202208
12.563000000000004
102900011032367
202209
8.286
102900011032367
202210
4.539
102900011032367
202211
0.349
102900011032367
202302
1.0110000000000001
102900011032480
202303
0.7149999999999999
102900011032589
202204
2.851
102900011032619
202203
0.232
102900011032619
202208
12.003
102900011032619
202209
20.297
102900011032619
202210
0.449
102900011032626
202203
3.619
102900011032626
202204
4.663
102900011032633
202203
4.369
102900011032633
202204
13.868
102900011032640
202203
4.859
102900011032640
202204
4.624
102900011032732
202203
2.9590000000000005
102900011032732
202204
4.745
102900011032732
202207
0.213
102900011032732
202208
29.50100000000001
102900011032732
202209
58.208000000000034
102900011032732
202210
22.103000000000005
102900011032732
202211
7.921
102900011032732
202212
0.862
102900011032732
202301
3.7030000000000003
102900011032732
202306
11.336
102900011032787
202203
8.0
102900011032787
202204
27.0
102900011032787
202207
19.0
102900011032787
202208
140.0
102900011032787
202209
4.0
102900011032848
202207
10.0
102900011032848
202208
29.0
102900011032848
202209
18.0
102900011032848
202210
52.0
102900011032848
202211
25.0
102900011032848
202212
13.0
102900011032848
202301
13.0
102900011032848
202302
14.0
102900011032848
202303
18.0
102900011032848
202304
17.0
102900011032848
202305
21.0
102900011032848
202306
19.0
102900011033234
202203
2.0
102900011033234
202204
31.0
102900011033234
202207
7.0
102900011033234
202208
93.0
102900011033234
202209
22.0
102900011033241
202203
5.0
102900011033241
202204
9.0
102900011033241
202209
1.0
102900011033906
202207
1.284
102900011033906
202208
20.808000000000003
102900011033906
202209
17.46
102900011033906
202210
9.211000000000002
102900011033906
202301
0.882
102900011033920
202205
9.598
102900011033920
202207
1.113
102900011033920
202208
47.71700000000001
102900011033920
202209
34.165
102900011033920
202210
28.952
102900011033920
202211
1.994
102900011033920
202212
0.567
102900011033920
202301
1.546
102900011033920
202306
6.525
102900011033937
202204
7.448
102900011033937
202207
21.962999999999994
102900011033937
202208
46.693
102900011033937
202209
51.74100000000003
102900011033937
202210
1.034
102900011033944
202204
11.369000000000002
102900011033944
202207
18.387
102900011033944
202208
59.60100000000014
102900011033944
202209
51.639999999999986
102900011033944
202210
84.42099999999989
102900011033944
202211
31.294000000000004
102900011033944
202212
13.337000000000005
102900011033944
202301
23.44499999999999
102900011033944
202302
25.773000000000003
102900011033944
202303
29.718
102900011033944
202304
28.287999999999993
102900011033944
202305
16.603000000000005
102900011033968
202204
0.8280000000000001
102900011033975
202208
3.1550000000000002
102900011033975
202209
1.326
102900011033975
202301
1.9149999999999996
102900011033982
202208
7.4030000000000005
102900011033982
202209
2.0020000000000002
102900011034026
202206
14.078999999999999
102900011034026
202207
31.744000000000003
102900011034026
202208
90.08200000000005
102900011034026
202209
128.03900000000004
102900011034026
202210
146.07299999999998
102900011034026
202211
28.28400000000001
102900011034026
202212
32.085999999999984
102900011034026
202301
22.942
102900011034026
202302
70.02300000000002
102900011034026
202303
118.28599999999999
102900011034026
202304
45.50900000000001
102900011034026
202305
24.56699999999999
102900011034026
202306
7.445000000000001
102900011034200
202204
4.0
102900011034200
202208
77.0
102900011034200
202209
14.0
102900011034200
202210
29.0
102900011034217
202204
1.0
102900011034217
202207
7.0
102900011034217
202208
61.0
102900011034217
202209
22.0
102900011034224
202204
8.0
102900011034224
202207
2.0
102900011034224
202208
148.0
102900011034224
202209
179.0
102900011034224
202210
131.0
102900011034224
202211
56.0
102900011034224
202212
18.0
102900011034224
202301
76.0
102900011034224
202302
7.0
102900011034231
202204
9.0
102900011034231
202207
9.0
102900011034231
202208
72.0
102900011034231
202209
199.0
102900011034231
202210
153.0
102900011034231
202211
92.0
102900011034231
202212
55.0
102900011034231
202301
9.0
102900011034231
202302
98.0
102900011034231
202303
194.0
102900011034231
202304
105.0
102900011034231
202305
24.0
102900011034262
202207
4.0
102900011034262
202209
2.0
102900011034330
202205
1.0
102900011034330
202206
43.0
102900011034330
202207
101.0
102900011034330
202208
21.0
102900011034330
202209
87.0
102900011034330
202212
26.0
102900011034330
202301
90.0
102900011034330
202302
120.0
102900011034330
202303
102.0
102900011034330
202304
98.0
102900011034330
202305
57.0
102900011034330
202306
98.0
102900011034439
202208
36.0
102900011034439
202209
19.0
102900011034439
202210
12.0
102900011034439
202211
17.0
102900011034439
202303
7.0
102900011034439
202304
15.0
102900011034439
202305
7.0
102900011034439
202306
6.0
102900011034569
202207
12.0
102900011034569
202208
4.0
102900011034705
202301
5.0
102900011035078
202208
11.326000000000002
102900011035078
202209
6.487
102900011035078
202210
6.137999999999999
102900011035078
202211
10.171999999999997
102900011035078
202212
0.631
102900011035078
202302
3.921
102900011035078
202303
22.575000000000006
102900011035078
202304
9.084000000000001
102900011035078
202305
8.61
102900011035078
202306
10.328999999999999
102900011035481
202209
34.0
102900011035481
202210
4.0
102900011035511
202209
11.841
102900011035511
202210
2.976
102900011035511
202212
3.573
102900011035511
202301
11.934000000000001
102900011035740
202302
24.0
102900011035740
202303
27.0
102900011035740
202304
39.0
102900011035740
202305
13.0
102900011035740
202306
13.0
102900011035764
202210
11.073
102900011035764
202211
1.233
102900011035764
202212
2.078
102900011035764
202301
3.745
102900011035764
202302
0.502
102900011035771
202210
3.0200000000000005
102900011035771
202211
1.293
102900011035771
202212
1.149
102900011035771
202301
3.2119999999999997
102900011035788
202211
8.0
102900011035788
202302
2.0
102900011036068
202212
4.0
102900011036068
202301
1.0
102900011036242
202303
4.0
102900011036242
202304
1.0
102900011036686
202306
11.0
102900051000463
202304
0.792
102900051000944
202007
1.4130000000000003
102900051000944
202304
1.3219999999999998
102900051000944
202305
0.994
102900051000944
202306
20.441000000000003
102900051004294
202007
6.1179999999999986
102900051004294
202008
0.41800000000000004
102900051004294
202108
0.302
102900051009336
202303
1.6739999999999997
102900051010455
202007
33.03699999999999
102900051010455
202008
2.075
102900051010455
202107
0.385
102900051010455
202108
0.52
102900051010455
202109
48.76799999999999
102900051010455
202110
79.47100000000002
102900051010455
202111
4.087
102900051010455
202209
16.328000000000003
102900051010455
202212
0.161
102900051010455
202303
0.8420000000000001
102900051010455
202304
0.8899999999999999
102900051010790
202210
0.141
106930274620090
202301
49.0
106930274620090
202302
22.0
106949711300068
202102
1.0
106949711300068
202106
1.0
106949711300167
202111
12.0
106949711300167
202112
156.0
106949711300167
202201
30.0
106949711300167
202203
18.0
106949711300167
202204
3.0
106949711300167
202205
3.0
106949711300167
202209
22.0
106949711300259
202205
14.0
106949711300259
202206
14.0
106949711300259
202207
41.0
106949711300259
202208
54.0
106949711300259
202209
59.0
106949711300259
202210
106.0
106949711300259
202211
12.0
106949711300259
202212
45.0
106949711300259
202301
113.0
106949711300259
202302
131.0
106949711300259
202303
122.0
106949711300259
202304
200.0
106949711300259
202305
138.0
106949711300259
202306
134.0
106956146480197
202007
5.0
106956146480197
202008
1.0
106957634300010
202201
4.0
106958851400125
202112
2.0
106958851400125
202201
10.0
106971533450003
202111
17.0
106971533450003
202112
2.0
106971533450003
202304
40.0
106971533450003
202305
109.0
106971533450003
202306
125.0
106971533455008
202201
1.0
106971533455008
202202
2.0
106971533455008
202204
7.0
106971533455008
202205
1.0
106971533455008
202207
11.0
106971533455008
202208
4.0
106971533455008
202302
6.0
106971533455008
202303
62.0
106971533455008
202304
100.0
106972776821582
202306
4.0
